**************************************************RMS Noise SNR Each Node*******************************************
TxNum:16
RxNum:36


Signal Of Each Node:
   -2.35    -2.72    -8.17    -5.09    -2.64     0.91    -1.76    -2.53    -8.98     3.47    -9.33    -7.91    -3.00    -5.20     4.77    -0.21     3.97    -3.03     1.91    -4.85    -1.20    -2.12    -2.81    -3.78    -1.01     3.85     2.01    -5.25    -0.51     1.01     4.28    -4.96    -0.53     1.57     1.02     3.54 
    1.77    -0.51    -2.92     0.36    -0.34    -1.37     0.84    -1.26    -1.45    -5.14    -8.43    -5.25    -5.12    -1.46    -7.44    -1.07     4.07     2.84    -2.59     3.16     2.57    -5.91    -2.24     0.44     2.61     0.42    -4.22     0.09    -0.11     1.09    -2.15     2.85    -5.16     3.37     1.36     4.92 
    0.24    -3.60    -4.27     1.20     7.17    -4.53     0.65    -8.95    -5.66     0.68    -2.53    -2.70    -1.81     0.29    -1.23   -10.65    -4.56    -4.59     0.65    -2.74     2.48    -0.93     3.81    -1.84    -2.79    -1.64    -3.83     1.22     0.53     4.52     2.07     0.91     3.32    -2.60     1.01     0.75 
   -1.40    -6.82    -0.39     0.88    -4.03    -0.84    -2.76    -1.85     1.90    -4.78     3.01     1.75    -1.89    -1.77    -4.09    -3.40    -0.45    -4.21    -0.38     3.04    -1.71    -4.87    -9.01    -2.64     0.28    -4.71     0.51    -4.48     0.42    -1.54     1.92    -8.16    -0.11     0.01     3.09     3.19 
   -7.86    -3.52     6.92    -6.75    -4.72     0.85     2.59    -2.17     3.35    -3.50     5.68     0.15    -4.54    -0.06    -8.28    -3.66    -2.01    -5.60    -3.68     0.36    -8.47     2.54    -1.18    -0.21     2.01     2.74    -4.91     2.94     1.06    -3.21     1.71    -1.84     0.36    -0.23     1.26    -2.73 
   -0.97    -4.21     4.70     1.35     1.89     7.35     5.88     1.06    -0.24    -1.85     3.55     0.86    -0.57    -0.91    -1.40     1.61     1.26    -1.60    -2.12    -2.09    -4.04     2.09    -2.65    -1.92    -0.65    -3.64    -8.29     2.54    -3.64    -2.48     3.57    -8.18    -4.85    -4.03    -1.90    -1.86 
   -3.39    -2.25     6.72    -6.83     1.25     1.58    -2.02    -4.89    -1.22    -2.13     0.20    -0.93   -11.15    -0.15   -12.35    -0.25    -2.42     0.96     4.91    -2.62    -6.83    -5.34    -0.64     1.74     1.14    -6.04    -0.34     3.09     3.44    -1.87    -1.20    -2.26    -6.55     1.78     2.75     0.65 
   -0.65   166.03   443.81    61.82     7.14     4.80    -4.36    -6.90    -7.62   -10.79    -9.73    -9.16   -14.28    -5.61    -9.99    -4.36     1.40    -9.58     1.70    -1.98    -3.66     4.62    -5.22    -3.10    -0.69    -5.16     1.39    -2.96     3.63     1.27     0.38     0.69     2.38    -2.43    -2.23     4.00 
    9.92   518.65   929.31   234.28     9.73    -7.39    -5.29    -4.86    -2.43    -8.50    -9.68    -1.57    -1.17    -6.81    -6.38    -0.95     2.41    -2.24    -0.03     2.80    -6.91     2.38     9.03     1.02    -0.53     2.23     5.69    -2.29     4.35     0.88     2.47     2.88     3.56    -0.44     5.58    -2.23 
   -1.95   105.93   283.12    46.76     5.55    -1.46     5.57    -3.62    -6.79    -4.42    -6.28    -4.42     1.76     5.09    -4.56    -4.58     0.76    -8.09    -6.82    -4.27     0.30    -5.61    -2.10    -5.75    -1.21    -3.81    -1.13     0.41    -4.51    -2.48    -3.75    -4.01     1.81    -7.71    -0.83     2.02 
    6.39     0.90    12.39     5.32     2.97     1.78    -1.39     7.30     5.50     0.66     0.78    -0.20     4.12   -10.39    -1.07     0.92     1.48    -4.10    -8.67    -1.47    -4.84     0.60   -10.05    -2.03    -4.02     2.35    -3.21     3.66     1.20    -0.27     0.32    -3.76    -3.58    -3.76     0.05     3.17 
  -12.86     0.48     6.42    -0.10     0.45    -0.28    -9.77    -2.24    -6.19     3.69    -6.93    -3.78    -1.47     1.44    -1.60    -3.23     0.20    -1.31    -9.56    -0.70     2.35    -2.20    -9.25    -6.14     2.98    -0.02     1.16     0.58    -0.59     0.35    -1.36     6.29     4.47    -0.03     2.87     9.86 
   -5.88     1.06     2.21     1.27     1.78    -2.21   -10.37     2.08    -3.27    -2.93   -11.00    -1.16    -2.10     0.94    -7.93     0.05    -1.11    -3.56    -4.19     1.88    -0.19    -2.50    -4.30    -4.95    -1.05     0.06    -2.87     2.54     2.22    -6.96    -1.30    -1.23    -0.68     0.99     2.15    -0.56 
   -3.08     0.24    -7.31     2.24   -10.68     0.06    -3.54    -1.50    -8.33     1.09   -10.24     0.80    -9.98     3.58    -9.98     2.39     4.04    -7.93     3.10    -5.12     4.29     2.33    -5.60     0.82    -3.87    -1.04     2.80    -0.91     3.32     2.66    -0.34    -1.17     2.19     0.50     1.61    -2.01 
  -10.73     1.37    -4.05     0.10     3.40     3.51    -1.31    -5.25    -9.40    -4.63    -4.93    -3.77    -0.41    -5.58     2.02    -1.79    -1.70    -0.45     5.92     1.15    -3.80     0.61    -1.63    -1.52    -0.68    -1.55    -4.86     0.90     0.67    -8.22    -1.52     0.58    -0.31     1.77    -2.22     1.78 
   -3.45   -10.27    -2.76    -9.60    -3.26    -3.52    -5.29   -14.85    -3.20     2.01    -4.71     2.71    -7.77    -1.79    -1.80    -0.11    -4.47    -3.81    -6.42     4.64    -4.86    -0.39     5.16     4.14    -7.20    -0.49    -2.46     1.71     0.32     3.51    -6.13     1.41     3.58     2.42    -0.33     1.69 
    0.00     0.00     0.00     0.00     0.00     0.00     0.00     0.00     0.00     0.00     0.00     0.00     0.00     0.00     0.00     0.00     0.00     0.00     0.00     0.00     0.00     0.00     0.00     0.00     0.00     0.00     0.00     0.00     0.00     0.00     0.00     0.00     0.00     0.00     0.00     0.00 
    0.00     0.00     0.00     0.00     0.00     0.00     0.00     0.00     0.00     0.00     0.00     0.00     0.00     0.00     0.00     0.00 
   29.43   137.88   293.91    67.17    22.12    25.22    18.88    30.71    10.82     9.78    19.43    10.90     5.16    11.79    18.44     9.06     0.90    -2.12    -2.18    -4.99   -10.74   -14.16    -5.02    -9.12    -5.35   -11.57    -9.10    -9.56    -4.98    -4.09    -5.87   -11.28   -17.82   -10.58    -8.62    -7.20 
    0.00     0.00     0.00     0.00     0.00     0.00     0.00     0.00     0.00     0.00     0.00     0.00     0.00     0.00     0.00     0.00 


RMS Noise Of Each Node:
    6.34     7.18    10.37     6.30     6.67     7.41     6.03     6.43     6.30     6.91     6.39     6.38     5.62     6.26     8.73     5.25     6.77     5.42     6.38     6.85     5.35     5.89     7.19     5.75     5.09     7.86     6.31     5.38     4.45     5.44     6.18     6.42     6.61     6.56     6.36     8.12 
    6.32     6.82     9.38     6.35     6.17     8.04     6.50     6.78     6.96     7.05     6.77     5.63     6.93     5.52     9.23     4.87     6.80     5.33     7.34     6.89     5.69     6.04     7.00     5.55     6.18     5.43     5.69     4.39     4.21     5.67     5.78     5.36     6.54     7.33     6.95     8.42 
    6.67    10.25    11.31     6.40     8.45     7.48     6.60     8.57     5.70     5.84     5.42     6.36     6.06     6.93     8.85     6.92     5.95     5.99     7.13     5.84     5.81     5.52     8.81     4.74     5.57     5.11     5.14     5.53     4.91     7.70     6.24     5.81     6.49     5.99     6.72     7.51 
    7.13     6.89    11.03     6.59     6.73     6.83     6.23     6.52     5.29     6.14     6.12     4.65     6.19     5.38     7.60     5.62     5.84     5.60     6.77     8.11     4.53     5.25     7.45     5.15     4.84     6.43     5.62     5.98     5.65     5.99     7.74     7.49     7.02     6.01     7.76     9.02 
    6.86     9.76    10.42     7.01     7.08     7.94     7.16     7.05     6.77     6.29     8.33     5.77     6.15     6.06     9.47     5.78     5.33     5.68     6.77     5.99     6.26     6.24     7.45     5.32     6.07     5.74     5.85     5.53     4.93     6.20     6.45     5.98     5.72     5.18     7.33     6.87 
    5.92     7.01     9.24     5.88     5.96     9.51     8.18     7.14     5.90     6.35     7.90     6.14     5.35     6.51     7.57     5.23     4.83     5.68     7.32     6.37     5.94     5.76     6.67     5.68     5.22     6.31     7.75     5.30     6.78     5.34     6.98     6.69     7.54     6.14     7.34     6.71 
    6.50     6.64    13.26     6.00     5.77     7.74     6.91     6.59     5.15     6.65     4.58     5.56     7.41     5.41     9.73     5.01     5.93     5.21     9.08     6.21     5.84     6.84     6.92     6.55     5.12     5.52     5.27     6.01     6.79     6.19     6.07     5.28     7.73     6.38     7.83     7.21 
    6.41    30.35    37.08    23.20     8.94     7.83     6.85     7.65     7.02     8.69     6.85     7.18     8.00     7.26     9.60     6.00     5.47     6.91     7.35     6.10     5.70     7.43     7.63     5.91     5.26     6.05     5.29     5.43     6.75     6.38     6.27     5.44     6.20     6.03     7.69     8.81 
   10.58    49.18    25.11    36.72     9.82     8.34     8.01     7.40     5.74     7.82     8.98     6.00     5.68     7.46     8.32     5.22     6.24     5.86     7.06     5.62     6.83     6.09    10.02     5.37     5.14     5.64     6.93     4.76     5.76     5.90     5.46     5.53     6.17     6.97     8.80     6.95 
    6.15    23.48    35.44    17.41     7.83     6.84     7.04     8.23     7.11     7.54     6.78     7.13     7.27     7.55     9.79     5.37     6.40     7.39     7.40     6.43     5.55     6.44     6.68     6.56     5.36     6.58     5.76     5.01     5.05     5.87     6.19     5.07     6.23     6.87     7.07     8.57 
    8.75     7.30    13.02     7.44     7.10     7.88     6.73     8.35     6.76     5.92     6.21     6.58     6.58     9.80     8.05     4.87     5.75     6.16     8.58     5.22     5.63     5.85     9.52     5.54     6.29     5.92     5.64     5.66     4.34     6.68     5.53     6.26     6.19     6.16     8.41     7.63 
    8.23     6.92    10.64     5.75     6.52     7.55     8.86     7.13     6.28     7.49     6.34     5.80     6.21     6.49     8.55     4.83     5.86     5.14     8.37     5.17     5.85     5.91     8.56     5.99     5.31     5.89     5.17     5.63     5.06     6.44     5.94     9.01     6.66     6.07     7.14    10.78 
    6.92     6.41    10.33     5.97     6.63     6.68     8.99     7.66     5.95     6.76     7.49     5.69     6.18     6.29     7.31     4.83     5.61     6.18     7.83     6.08     4.63     5.65     7.97     5.33     4.97     5.99     5.15     6.63     6.69     6.20     5.92     5.47     7.15     6.81     7.51     6.92 
    6.26     6.97    10.80     5.83     8.21     7.78     6.88     7.86     7.44     6.56     6.70     6.26     7.31     6.64     8.96     5.60     6.70     6.45     8.00     7.58     6.59     6.01     6.33     5.65     5.64     6.10     5.79     5.46     5.19     7.43     5.36     5.58     6.47     6.22     8.60     7.03 
    7.83     7.28    10.68     5.49     6.35     6.89     7.15     7.76     6.10     7.58     5.93     6.40     5.21     6.63     7.34     5.37     5.19     5.32     9.27     5.81     5.51     6.27     7.59     4.94     5.56     5.39     5.93     5.83     4.92     6.89     6.03     5.55     6.21     7.36     6.95     7.25 
    6.88     8.30     9.10     6.80     6.42     6.85     6.95     8.50     5.99     6.71     4.75     5.63     6.75     5.73     7.80     5.57     4.99     5.53     7.54     8.27     5.46     4.79    10.19     7.13     5.46     6.45     5.29     5.61     5.10    10.14     6.44     7.26     9.67     8.04     7.64     6.94 
    0.00     0.00     0.00     0.00     0.00     0.00     0.00     0.00     0.00     0.00     0.00     0.00     0.00     0.00     0.00     0.00     0.00     0.00     0.00     0.00     0.00     0.00     0.00     0.00     0.00     0.00     0.00     0.00     0.00     0.00     0.00     0.00     0.00     0.00     0.00     0.00 
    0.00     0.00     0.00     0.00     0.00     0.00     0.00     0.00     0.00     0.00     0.00     0.00     0.00     0.00     0.00     0.00 
    9.58    20.47    10.37    14.71     8.78     9.93     7.72    10.30    10.86     6.60    12.83     9.34     7.99     9.61    10.38     8.95     7.84     9.18    10.79     8.82    10.93     8.71    10.17    11.01     8.13     8.31    10.53    10.39    10.88     9.52     7.29    11.60     7.64    11.06     9.82     9.46 
    0.00     0.00     0.00     0.00     0.00     0.00     0.00     0.00     0.00     0.00     0.00     0.00     0.00     0.00     0.00     0.00 


SNR_RMS Of Each Node:
    0.00     0.00     0.00     0.00     0.00   -18.22     0.00     0.00     0.00    -5.98     0.00     0.00     0.00     0.00    -5.25     0.00    -4.64     0.00   -10.48     0.00     0.00     0.00     0.00     0.00     0.00    -6.20    -9.94     0.00     0.00   -14.62    -3.19     0.00     0.00   -12.43   -15.90    -7.21 
  -11.05     0.00     0.00   -24.92     0.00     0.00   -17.77     0.00     0.00     0.00     0.00     0.00     0.00     0.00     0.00     0.00    -4.45    -5.46     0.00    -6.77    -6.90     0.00     0.00   -22.02    -7.49   -22.24     0.00   -33.77     0.00   -14.32     0.00    -5.48     0.00    -6.75   -14.17    -4.67 
  -28.88     0.00     0.00   -14.55    -1.43     0.00   -20.13     0.00     0.00   -18.68     0.00     0.00     0.00   -27.56     0.00     0.00     0.00     0.00   -20.80     0.00    -7.40     0.00    -7.28     0.00     0.00     0.00     0.00   -13.12   -19.34    -4.63    -9.59   -16.10    -5.82     0.00   -16.46   -20.01 
    0.00     0.00     0.00   -17.48     0.00     0.00     0.00     0.00    -8.90     0.00    -6.16    -8.49     0.00     0.00     0.00     0.00     0.00     0.00     0.00    -8.53     0.00     0.00     0.00     0.00   -24.75     0.00   -20.84     0.00   -22.57     0.00   -12.11     0.00     0.00   -55.58    -8.00    -9.02 
    0.00     0.00    -3.56     0.00     0.00   -19.41    -8.83     0.00    -6.12     0.00    -3.32   -31.71     0.00     0.00     0.00     0.00     0.00     0.00     0.00   -24.42     0.00    -7.81     0.00     0.00    -9.60    -6.42     0.00    -5.48   -13.34     0.00   -11.53     0.00   -24.03     0.00   -15.30     0.00 
    0.00     0.00    -5.87   -12.78    -9.97    -2.24    -2.87   -16.56     0.00     0.00    -6.95   -17.08     0.00     0.00     0.00   -10.23   -11.68     0.00     0.00     0.00     0.00    -8.81     0.00     0.00     0.00     0.00     0.00    -6.38     0.00     0.00    -5.83     0.00     0.00     0.00     0.00     0.00 
    0.00     0.00    -5.90     0.00   -13.28   -13.81     0.00     0.00     0.00     0.00   -27.19     0.00     0.00     0.00     0.00     0.00     0.00   -14.69    -5.34     0.00     0.00     0.00     0.00   -11.52   -13.05     0.00     0.00    -5.77    -5.91     0.00     0.00     0.00     0.00   -11.08    -9.09   -20.90 
    0.00    14.76    21.56     8.51    -1.95    -4.26     0.00     0.00     0.00     0.00     0.00     0.00     0.00     0.00     0.00     0.00   -11.84     0.00   -12.72     0.00     0.00    -4.13     0.00     0.00     0.00     0.00   -11.61     0.00    -5.39   -14.02   -24.35   -17.94    -8.31     0.00     0.00    -6.85 
   -0.56    20.46    31.36    16.10    -0.08     0.00     0.00     0.00     0.00     0.00     0.00     0.00     0.00     0.00     0.00     0.00    -8.27     0.00     0.00    -6.05     0.00    -8.15    -0.90   -14.43     0.00    -8.07    -1.71     0.00    -2.44   -16.52    -6.89    -5.66    -4.77     0.00    -3.95     0.00 
    0.00    13.09    18.05     8.58    -2.99     0.00    -2.04     0.00     0.00     0.00     0.00     0.00   -12.32    -3.42     0.00     0.00   -18.51     0.00     0.00     0.00   -25.34     0.00     0.00     0.00     0.00     0.00     0.00   -21.73     0.00     0.00     0.00     0.00   -10.74     0.00     0.00   -12.55 
   -2.73   -18.18    -0.43    -2.92    -7.57   -12.92     0.00    -1.17    -1.79   -19.05   -18.02     0.00    -4.06     0.00     0.00   -14.48   -11.78     0.00     0.00     0.00     0.00   -19.77     0.00     0.00     0.00    -8.02     0.00    -3.79   -11.16     0.00   -24.75     0.00     0.00     0.00   -44.52    -7.63 
    0.00   -23.18    -4.38     0.00   -23.22     0.00     0.00     0.00     0.00    -6.15     0.00     0.00     0.00   -13.08     0.00     0.00   -29.33     0.00     0.00     0.00    -7.92     0.00     0.00     0.00    -5.02     0.00   -12.98   -19.73     0.00   -25.30     0.00    -3.12    -3.47     0.00    -7.92    -0.78 
    0.00   -15.63   -13.40   -13.44   -11.42     0.00     0.00   -11.32     0.00     0.00     0.00     0.00     0.00   -16.51     0.00   -39.70     0.00     0.00     0.00   -10.19     0.00     0.00     0.00     0.00     0.00   -39.99     0.00    -8.33    -9.58     0.00     0.00     0.00     0.00   -16.76   -10.86     0.00 
    0.00   -29.26     0.00    -8.30     0.00   -42.26     0.00     0.00     0.00   -15.59     0.00   -17.87     0.00    -5.36     0.00    -7.40    -4.39     0.00    -8.24     0.00    -3.73    -8.23     0.00   -16.77     0.00     0.00    -6.30     0.00    -3.87    -8.93     0.00     0.00    -9.41   -21.89   -14.55     0.00 
    0.00   -14.51     0.00   -34.78    -5.43    -5.85     0.00     0.00     0.00     0.00     0.00     0.00     0.00     0.00   -11.20     0.00     0.00     0.00    -3.89   -14.07     0.00   -20.24     0.00     0.00     0.00     0.00     0.00   -16.23   -17.32     0.00     0.00   -19.62     0.00   -12.38     0.00   -12.20 
    0.00     0.00     0.00     0.00     0.00     0.00     0.00     0.00     0.00   -10.47     0.00    -6.35     0.00     0.00     0.00     0.00     0.00     0.00     0.00    -5.02     0.00     0.00    -5.91    -4.73     0.00     0.00     0.00   -10.32   -24.05    -9.21     0.00   -14.23    -8.63   -10.43     0.00   -12.27 
    0.00     0.00     0.00     0.00     0.00     0.00     0.00     0.00     0.00     0.00     0.00     0.00     0.00     0.00     0.00     0.00     0.00     0.00     0.00     0.00     0.00     0.00     0.00     0.00     0.00     0.00     0.00     0.00     0.00     0.00     0.00     0.00     0.00     0.00     0.00     0.00 
    0.00     0.00     0.00     0.00     0.00     0.00     0.00     0.00     0.00     0.00     0.00     0.00     0.00     0.00     0.00     0.00 
    9.75    16.57    29.05    13.19     8.02     8.09     7.77     9.49    -0.03     3.41     3.61     1.34    -3.79     1.77     4.99     0.11   -18.80     0.00     0.00     0.00     0.00     0.00     0.00     0.00     0.00     0.00     0.00     0.00     0.00     0.00     0.00     0.00     0.00     0.00     0.00     0.00 
    0.00     0.00     0.00     0.00     0.00     0.00     0.00     0.00     0.00     0.00     0.00     0.00     0.00     0.00     0.00     0.00 


