**************************************************RMS Noise SNR Each Node*******************************************
TxNum:16
RxNum:36


Signal Of Each Node:
    7.06     1.57    -6.90    -0.13    -1.24     4.32     1.39     0.70     3.05    -2.87     1.66     4.00     8.52    23.11    22.84    17.47     2.54     1.53     0.62    -1.13    -0.70     0.36    -3.80     0.33    -3.81    -2.60    -0.89    -2.21     1.76    -1.65    -0.32    -1.79     3.00    -0.82    -2.18     1.16 
    2.63    -0.23    11.69     5.48     1.30     0.50    -4.05    -0.24     0.29    -5.07    -3.52    -2.29     6.19    13.79    12.80    18.07     7.49     2.74    -1.07     2.60     1.76     0.59     3.28    -0.46    -3.40    -1.19     0.29    -0.07    -1.74    -0.95    -3.46    -3.74    -1.75    -3.67    -0.22    -0.59 
    5.47    10.06     4.94     0.33    -3.52    -1.71    -3.19    -4.55    -2.90    -6.97    -0.29    -4.55     7.39     5.19    21.14    16.38    -0.52    -0.34    -2.40    -1.56     4.15    -5.36     0.78    -0.59    -0.97     0.01    -1.74    -3.14    -4.19    -0.37     2.39    -3.93     3.23    -1.83    -3.59    -4.15 
    6.24     6.36     3.77     2.57     0.44     4.84    -4.08    11.08    -2.35    -4.34    -1.40    -1.15     9.63    12.82     7.54    18.05     6.09     2.00     8.65     4.19     3.25     1.19    -1.22    -3.63    -2.13     0.32    -1.48    -0.96    -2.20     2.00    -3.24    -1.90    -1.47    -1.73     2.02    -1.03 
   -1.18     5.36     3.66     3.20     1.99     1.38    -7.37    -5.97    -1.65    -3.52    -5.89     3.90     3.95     3.04     9.69    13.25     3.73     3.19     6.00     0.60    -1.28    -2.68     6.16     0.68    -4.27    -3.30    -4.96    -3.38    -0.77    -3.68    -4.91    -3.04    -0.15    -1.27     0.85     2.34 
    7.57     1.33     2.63     5.27     1.33    -6.04    -1.57    -1.87    -0.57    -7.29    -3.29    -0.43     2.41     4.19     8.11     4.55     2.41     0.64     3.26     2.24    -0.61    -2.78     0.58    -0.87     2.66    -1.26    -2.10    -2.52    -3.21    -1.40    -1.19    -6.56    -2.69     2.24     0.96    -1.83 
    3.51     4.26    -0.12     0.45    -0.58    -8.51    -5.30    -7.36    -3.12    -7.58     5.99    -4.23    -1.16    -4.28     3.33     0.35    -3.37     2.06     0.86    -1.80     1.23     3.09     1.35    10.26    -0.10     1.40    -1.16     3.17     4.20     4.21    -2.16    -3.08     7.91    -5.16     1.99     5.89 
    7.51     9.91     6.29     3.47     1.79     1.63    -4.04    -5.07    -5.04    -9.17     0.72     1.16    -1.71    -1.30     5.90     3.84     0.90     0.54    -1.43     6.85    -0.81    -0.97    -1.45    -1.34     0.91    -2.31     1.02    -3.27    -3.79     0.67    -1.49    -0.78     1.80    -2.81    -2.03     6.55 
    7.98     2.02     3.05     0.30    -3.27    -3.14     2.13    -3.14    -8.12     0.14    -7.01     1.06     4.04    -2.18     1.87     0.38     2.51    -2.74    -0.60     2.33     0.35     2.71     1.81    -0.52    -1.81     0.62     2.97    -4.37     1.53    -1.13    -7.24    -0.37    -0.28     3.31    -4.20     1.60 
    9.65    11.26    -4.33     0.93    -5.29     0.27     9.45     1.96     9.61     3.26     2.28     4.70     5.06     5.62    -2.10    -1.51    -5.02     2.91    12.48    -0.85    -4.62    -3.36     0.12     2.60     0.06    -2.54    -0.14    -5.43     2.82    -2.37     3.11    -3.11    -3.60    -5.67    -7.53    -3.56 
    0.93     6.28     3.99     5.97    -6.81     4.29    -4.07     8.86    11.40    11.23    15.13     9.94     6.11    -3.57     1.43     2.12    -6.93     4.07     0.94    -1.85     1.29     0.76     9.68    -2.70     1.27    -4.24    -5.59    -5.82    -2.82    -2.04    -8.04    -0.82    -0.91    -5.99    -8.77    -6.23 
    6.71     3.85    10.08     6.58     0.75     9.14     8.20     9.27    18.65     0.65     6.96     8.26     2.12     0.44     7.47    -2.58    -1.67     4.62     7.21    -1.43    -0.76    -3.49    -1.86    -2.97    -1.19     2.41    -2.59    -5.90    -4.64     1.03    -4.56    -2.82    -0.65    -2.37    -5.07    -0.26 
    2.95    14.26    25.55     5.55     4.28    11.19    13.03    13.80     9.92     5.66     6.64     5.83     5.63     6.53    -1.08     2.19     0.86    -2.44     0.16    -2.43    -0.04    -1.22    -6.61     2.76    -1.03    -3.38    -2.95    -2.48    -1.91    -3.76     2.71    -2.95    -3.95    -2.86    -6.59    -0.33 
   18.92   194.36   521.58    96.22     9.03    18.99    15.75     8.72     7.91     3.48     2.69     4.30     2.52    -3.43    10.69    -3.49    -4.26     0.68    -0.47    -4.94    -2.86     2.01     2.99     0.35    -4.83    -1.98    -4.95    -3.60    -6.01    -5.36    -7.65    -4.28    -0.84    -7.47    -3.63    -3.73 
   33.73   553.13  1031.27   263.35     9.03     3.04     3.56    -1.15    10.82     5.86    -2.55    -3.13     0.56     1.91     2.44     5.14     3.35    -1.03     8.05    -6.14    -4.20    -1.81    -4.51     4.89    -3.49    -2.07     0.08    -3.14    -3.06     2.77    -2.51    -2.87    -2.56     0.55     2.68    -4.85 
   21.74   106.04   251.16    42.36     9.65     4.32     1.55     1.20     4.95     6.46    -0.97    -1.41    -2.20     1.61    -4.57    -4.43    -3.09     4.01    -3.34    -2.39    -4.91    -0.09    -3.58    -1.26     0.47    -0.79    -3.55    -5.31    -5.34     0.64    -0.74    -0.37     1.16    -4.02    -5.30    -4.76 
    0.00     0.00     0.00     0.00     0.00     0.00     0.00     0.00     0.00     0.00     0.00     0.00     0.00     0.00     0.00     0.00     0.00     0.00     0.00     0.00     0.00     0.00     0.00     0.00     0.00     0.00     0.00     0.00     0.00     0.00     0.00     0.00     0.00     0.00     0.00     0.00 
    0.00     0.00     0.00     0.00     0.00     0.00     0.00     0.00     0.00     0.00     0.00     0.00     0.00     0.00     0.00     0.00 
   33.19   154.07   315.83    90.96    26.07    32.17    21.56    36.59    17.38    15.47    30.39    24.56    20.16    26.08    38.79    21.11     3.47    -0.38     4.88     2.48     0.27   -11.21    -6.22    -6.53    -4.34   -18.98    -5.72   -11.24     1.09     0.66    -6.55   -10.99    -7.64    -5.29     0.50    -7.49 
    0.00     0.00     0.00     0.00     0.00     0.00     0.00     0.00     0.00     0.00     0.00     0.00     0.00     0.00     0.00     0.00 


RMS Noise Of Each Node:
    7.13     7.73    11.73     5.32     6.41     7.65     6.92     7.34     4.99     6.34     5.08     5.85     6.33     7.75     9.60     6.85     4.84     4.84     6.64     5.39     5.39     5.49     8.32     5.63     6.56     7.37     5.79     5.27     5.39     6.65     5.60     6.24     7.07     5.93     7.54     6.54 
    7.36     7.49    11.01     6.82     6.32     6.99     7.57     7.12     6.04     7.90     7.13     5.98     7.14     8.38     9.14     8.32     6.92     6.17     7.68     6.64     5.06     5.30     7.32     5.42     5.89     4.95     5.07     5.01     5.85     5.63     7.00     7.45     6.02     7.45     7.01     6.67 
    7.89    11.46     9.81     6.10     7.18     7.87     7.01     8.05     6.19     7.79     6.54     5.93     7.67     7.06    11.28     9.39     5.70     5.45     6.76     6.34     6.24     6.72     7.88     4.63     5.58     5.46     5.15     6.56     6.53     5.57     6.12     6.59     6.57     6.23     6.86     7.18 
    8.46     8.88    11.43     5.57     6.04     6.96     7.28     8.25     6.38     8.99     5.18     5.67     6.32     7.36     8.22     6.27     6.46     5.19     7.98     6.10     5.67     5.69     6.25     6.30     5.23     5.34     5.45     4.93     5.61     4.99     7.35     6.28     7.04     7.10     8.11     7.75 
    7.04    11.36     9.59     6.44     6.57     6.84     8.97     7.68     5.47     7.01     6.67     5.54     7.13     7.17     9.25     8.19     6.94     6.13     7.12     6.00     5.17     5.71     7.86     5.13     6.11     6.73     5.91     5.71     4.97     6.34     7.74     6.06     6.84     6.24     8.16     7.59 
    9.12     6.51    10.39     7.75     5.29     7.55     5.74     8.41     5.26     8.20     5.59     5.37     6.31     6.64     8.70     5.83     5.57     5.71     7.33     5.25     4.95     6.00     7.29     5.11     6.40     5.47     5.52     5.08     5.57     6.35     5.52     6.88     6.04     5.97     6.73     6.52 
    7.77     9.02     9.57     6.42     6.54     8.39     6.17     8.84     5.69     8.25     6.42     7.22     5.84     6.78     8.23     4.99     5.15     5.67     6.68     6.36     5.27     5.85     7.56     8.14     5.97     5.15     5.14     5.85     6.19     6.87     6.39     5.74     6.62     6.73     7.99     9.01 
    9.03     8.65    10.07     6.29     7.36     6.85     8.40     7.38     6.87     9.83     4.95     5.54     5.78     5.92     8.48     6.81     5.41     4.93     6.84     6.86     6.22     5.45     6.58     5.72     4.88     6.50     6.08     5.85     5.97     6.01     5.56     5.42     6.51     6.53     6.65     8.01 
    8.29     8.14    10.58     6.01     6.90     6.94     6.59     8.17     7.80     6.24     7.71     5.94     7.03     6.71     7.68     4.94     5.41     5.27     7.31     5.75     5.09     5.79     7.04     4.81     5.29     4.77     5.49     5.59     4.81     5.31     6.63     4.75     5.77     6.63     7.78     6.94 
    9.52     9.40    10.05     5.61     7.75     7.64     9.66     7.14     8.54     7.29     4.94     6.32     6.16     6.93     8.75     5.77     6.67     5.74     9.95     5.85     6.66     6.38     6.87     5.53     5.14     5.55     5.29     7.64     5.61     6.53     6.36     6.65     6.93     8.00     9.84     6.57 
    7.51     8.24    10.18     6.95     7.92     8.56     6.92     9.31     9.11     9.95     9.00     8.05     7.24     6.73     7.98     6.05     7.94     5.68     5.52     6.59     4.82     5.80     8.67     5.06     5.76     6.91     7.73     7.37     5.26     6.58     8.79     5.36     5.59     8.60     9.45     8.58 
    7.76     7.68    10.80     7.78     7.15     8.30     7.30     8.51     7.44     6.62     5.98     6.40     6.59     6.14     9.24     5.90     5.98     5.66     7.96     7.12     5.20     6.67     7.52     5.50     5.94     4.97     5.33    11.23     7.07     5.54     8.62     7.03     7.42     7.09     9.04     7.11 
    7.87     7.30    13.93     7.31     5.77     8.21     8.20     9.46     7.75     6.72     6.62     5.71     6.98     6.15     7.68     5.39     5.67     5.38     6.16     6.94     5.12     5.86     9.56     4.98     5.54     7.95     7.09     7.75     7.33     8.51     6.39     6.98     8.67     7.42    10.74     6.99 
   10.32    34.81    19.07    19.33     8.25    11.31    10.00     8.04     7.93     7.22     6.69     7.06     6.90     5.56    10.72     6.50     6.53     4.97     7.16     7.38     5.63     5.59     7.82     5.69     5.66     6.24     7.22     5.72     6.78     7.29     8.58     6.79     6.44     8.43     9.19     8.10 
   10.33    60.40    18.24    51.28     7.51     7.71     6.91     7.26     8.27     7.73     7.06     5.33     5.39     6.25     7.99     5.56     5.69     5.69     8.49     9.35     6.68     6.09     9.04     5.41     6.13     6.36     5.25     5.01     6.35     6.12     5.93     6.39     6.72     6.87     7.32     9.61 
    9.83    16.53    21.85    15.31     9.36     7.32     6.62     7.93     6.40     6.87     6.07     6.25     6.55     6.44     8.28     6.18     6.52     6.28     6.90     5.78     7.37     6.90     7.78     5.35     5.96     5.52     6.94     6.27     8.86     5.45     5.91     5.12     6.39     7.18     9.45     7.29 
    0.00     0.00     0.00     0.00     0.00     0.00     0.00     0.00     0.00     0.00     0.00     0.00     0.00     0.00     0.00     0.00     0.00     0.00     0.00     0.00     0.00     0.00     0.00     0.00     0.00     0.00     0.00     0.00     0.00     0.00     0.00     0.00     0.00     0.00     0.00     0.00 
    0.00     0.00     0.00     0.00     0.00     0.00     0.00     0.00     0.00     0.00     0.00     0.00     0.00     0.00     0.00     0.00 
   10.06    22.39     9.25    14.25     8.66     9.20    10.45     9.88    10.02     7.05    10.80     9.78     8.06    10.74     9.16    11.12     8.49     8.63     9.41     9.15     7.86     8.59    11.27     8.05     7.66     7.71     7.49     7.54     8.30    10.34     8.17     8.70     8.96     8.78     9.55     8.66 
    0.00     0.00     0.00     0.00     0.00     0.00     0.00     0.00     0.00     0.00     0.00     0.00     0.00     0.00     0.00     0.00 


SNR_RMS Of Each Node:
   -0.09   -13.84     0.00     0.00     0.00    -4.97   -13.94   -20.41    -4.27     0.00    -9.71    -3.31     2.58     9.49     7.53     8.13    -5.60   -10.00   -20.60     0.00     0.00   -23.66     0.00   -24.65     0.00     0.00     0.00     0.00    -9.72     0.00     0.00     0.00    -7.45     0.00     0.00   -15.02 
   -8.94     0.00     0.52    -1.90   -13.74   -22.92     0.00     0.00   -26.37     0.00     0.00     0.00    -1.24     4.32     2.92     6.73     0.68    -7.05     0.00    -8.14    -9.17   -19.07    -6.98     0.00     0.00     0.00   -24.86     0.00     0.00     0.00     0.00     0.00     0.00     0.00     0.00     0.00 
   -3.18    -1.13    -5.96   -25.34     0.00     0.00     0.00     0.00     0.00     0.00     0.00     0.00    -0.32    -2.68     5.46     4.84     0.00     0.00     0.00     0.00    -3.54     0.00   -20.09     0.00     0.00   -54.75     0.00     0.00     0.00     0.00    -8.17     0.00    -6.17     0.00     0.00     0.00 
   -2.64    -2.90    -9.63    -6.72   -22.75    -3.15     0.00     2.56     0.00     0.00     0.00     0.00     3.66     4.82    -0.76     9.18    -0.51    -8.28     0.71    -3.27    -4.83   -13.59     0.00     0.00     0.00   -24.45     0.00     0.00     0.00    -7.94     0.00     0.00     0.00     0.00   -12.08     0.00 
    0.00    -6.52    -8.37    -6.07   -10.38   -13.91     0.00     0.00     0.00     0.00     0.00    -3.05    -5.13    -7.46     0.40     4.18    -5.39    -5.68    -1.49   -20.00     0.00     0.00    -2.12   -17.55     0.00     0.00     0.00     0.00     0.00     0.00     0.00     0.00     0.00     0.00   -19.65   -10.22 
   -1.62   -13.79   -11.93    -3.35   -11.99     0.00     0.00     0.00     0.00     0.00     0.00     0.00    -8.37    -4.00    -0.61    -2.15    -7.27   -19.01    -7.04    -7.40     0.00     0.00   -21.98     0.00    -7.63     0.00     0.00     0.00     0.00     0.00     0.00     0.00     0.00    -8.51   -16.91     0.00 
   -6.90    -6.51     0.00   -23.08     0.00     0.00     0.00     0.00     0.00     0.00    -0.60     0.00     0.00     0.00    -7.86   -23.08     0.00    -8.80   -17.80     0.00   -12.64    -5.55   -14.96     2.01     0.00   -11.31     0.00    -5.32    -3.37    -4.26     0.00     0.00     1.55     0.00   -12.07    -3.69 
   -1.60     1.18    -4.09    -5.16   -12.28   -12.47     0.00     0.00     0.00     0.00   -16.74   -13.58     0.00     0.00    -3.15    -4.97   -15.58   -19.20     0.00    -0.01     0.00     0.00     0.00     0.00   -14.58     0.00   -15.51     0.00     0.00   -19.06     0.00     0.00   -11.16     0.00     0.00    -1.75 
   -0.33   -12.10   -10.80   -26.03     0.00     0.00    -9.81     0.00     0.00   -32.98     0.00   -14.97    -4.81     0.00   -12.27   -22.28    -6.67     0.00     0.00    -7.84   -23.25    -6.59   -11.80     0.00     0.00   -17.73    -5.34     0.00    -9.94     0.00     0.00     0.00     0.00    -6.04     0.00   -12.74 
    0.12     1.57     0.00   -15.60     0.00   -29.03    -0.19   -11.23     1.02    -6.99    -6.71    -2.58    -1.71    -1.82     0.00     0.00     0.00    -5.89     1.96     0.00     0.00     0.00   -35.16    -6.56   -38.66     0.00     0.00     0.00    -5.97     0.00    -6.22     0.00     0.00     0.00     0.00     0.00 
  -18.14    -2.36    -8.13    -1.32     0.00    -6.00     0.00    -0.43     1.95     1.05     4.51     1.83    -1.48     0.00   -14.93    -9.10     0.00    -2.90   -15.37     0.00   -11.46   -17.65     0.96     0.00   -13.13     0.00     0.00     0.00     0.00     0.00     0.00     0.00     0.00     0.00     0.00     0.00 
   -1.26    -6.00    -0.60    -1.46   -19.59     0.83     1.01     0.74     7.99   -20.15     1.31     2.21    -9.85   -22.89    -1.84     0.00     0.00    -1.77    -0.86     0.00     0.00     0.00     0.00     0.00     0.00    -6.29     0.00     0.00     0.00   -14.62     0.00     0.00     0.00     0.00     0.00     0.00 
   -8.53     5.81     5.27    -2.39    -2.59     2.69     4.02     3.28     2.14    -1.49     0.02     0.17    -1.87     0.52     0.00    -7.82   -16.38     0.00   -31.71     0.00     0.00     0.00     0.00    -5.13     0.00     0.00     0.00     0.00     0.00     0.00    -7.45     0.00     0.00     0.00     0.00     0.00 
    5.26    14.94    28.74    13.94     0.78     4.50     3.94     0.71    -0.03    -6.33    -7.92    -4.30    -8.75     0.00    -0.03     0.00     0.00   -17.28     0.00     0.00     0.00    -8.89    -8.35   -24.22     0.00     0.00     0.00     0.00     0.00     0.00     0.00     0.00     0.00     0.00     0.00     0.00 
   10.27    19.24    35.05    14.21     1.60    -8.09    -5.76     0.00     2.34    -2.41     0.00     0.00   -19.67   -10.30   -10.30    -0.68    -4.60     0.00    -0.46     0.00     0.00     0.00     0.00    -0.88     0.00     0.00   -36.35     0.00     0.00    -6.88     0.00     0.00     0.00   -21.93    -8.73     0.00 
    6.89    16.15    21.21     8.84     0.26    -4.58   -12.61   -16.40    -2.23    -0.53     0.00     0.00     0.00   -12.04     0.00     0.00     0.00    -3.90     0.00     0.00     0.00     0.00     0.00     0.00   -22.06     0.00     0.00     0.00     0.00   -18.60     0.00     0.00   -14.83     0.00     0.00     0.00 
    0.00     0.00     0.00     0.00     0.00     0.00     0.00     0.00     0.00     0.00     0.00     0.00     0.00     0.00     0.00     0.00     0.00     0.00     0.00     0.00     0.00     0.00     0.00     0.00     0.00     0.00     0.00     0.00     0.00     0.00     0.00     0.00     0.00     0.00     0.00     0.00 
    0.00     0.00     0.00     0.00     0.00     0.00     0.00     0.00     0.00     0.00     0.00     0.00     0.00     0.00     0.00     0.00 
   10.37    16.75    30.67    16.10     9.57    10.88     6.29    11.38     4.79     6.83     8.99     8.00     7.96     7.71    12.54     5.57    -7.77     0.00    -5.70   -11.34   -29.28     0.00     0.00     0.00     0.00     0.00     0.00     0.00   -17.63   -23.90     0.00     0.00     0.00     0.00   -25.62     0.00 
    0.00     0.00     0.00     0.00     0.00     0.00     0.00     0.00     0.00     0.00     0.00     0.00     0.00     0.00     0.00     0.00 


