**************************************************RMS Noise SNR Each Node*******************************************
TxNum:16
RxNum:36


Signal Of Each Node:
   -0.90    -1.17    -4.51     2.57    -2.99     2.87     1.59     2.89     4.66    -0.19     4.87    11.97    21.13    20.84     7.40    10.63   179.63   493.91   132.47     4.35    -0.94     5.87    -1.02     4.38    -1.77    -4.41     4.16    -3.68     0.07     2.26    -1.10     2.40    -4.19    -6.83    -7.62    -0.61 
    1.38    -2.37    -4.12    -2.22    -2.15    -1.83    -4.34    -4.15    -4.15     4.42     5.21     8.59    21.34    26.53    17.19    25.46   430.41  1004.57   325.03    15.98    -1.51     2.72    -0.22    -1.68    -3.10    -0.50     0.94    -0.77    -2.97    -2.74     2.54    -3.09    -1.87    -2.74     1.28    -0.07 
   -3.05     2.56    -3.87    -1.01    -2.18     1.58     1.77     3.11    -0.94    -3.24     3.26     2.85    17.07    20.55     5.04    20.87    78.99   259.35    67.29     4.69     0.68    -4.69    -0.67    -2.11    -3.05    -1.14    -3.70     0.68    -0.44    -1.67    -3.97     1.91    -3.80    -2.83    -1.53    -2.45 
   -2.77    -2.97    -4.31    -3.24    -4.15    -2.61    -3.09    -2.57    -3.73    -6.22     4.11    -1.89     6.45     5.17    -1.70    10.64    25.40    51.37    24.54    10.05     9.54     3.28     7.20    -2.90    -2.57     0.34    -2.28    -4.29    -3.15    -3.13     1.60    -2.87    -1.05    -2.10    -1.14     3.97 
    2.99     2.88     2.17     2.31    -2.14    -1.40    -1.52    -3.30    -4.76    -1.90     1.14    -2.14     0.80    -1.53     8.13     7.41    10.99    13.52    13.77     3.08     5.27     1.19    -2.88    -2.67    -1.76    -0.60    -1.05    -0.38    -3.20     0.97     0.41     2.46     4.14    -2.17    -6.85     0.93 
    7.37    -0.03     0.67    -1.98    -1.67    -4.66    -0.48    -0.57    -6.53    -6.00    -5.32    -1.39    -1.53    -1.82     0.75    -1.69     4.55     2.80     5.79     3.23    -1.66     3.55     2.34     6.32     8.41    12.75     5.79    -2.92     3.45    -0.73    -1.93    -0.22     3.06     1.28     1.07     0.14 
    1.65     3.45    -2.35    -5.34     2.64    -2.43     2.26    -7.36    -9.12    -0.29    -3.74    -3.82     1.64    -1.76    -4.44     0.68    -2.66     3.78     1.68     7.38     1.01     1.53     1.48     1.51    -0.49     6.83    -0.33    -2.22    -2.58     4.16    -0.53    -2.21     7.36     1.64     4.18     0.86 
    2.80    -0.34    -4.88    -0.60     1.29    -4.36    -1.02    -2.39    -3.06    -0.28    -5.61    -3.84    -1.82    -0.56    10.38     2.55    -1.50     5.83     3.99     5.69     4.00    -1.93     2.24    -4.06    -0.61    -3.80    -6.49    -3.63     9.11     1.41    -0.46     0.36     3.19     2.52    -1.18     4.75 
   -2.68    -8.61     0.18    -1.79     3.94     5.31     3.23    -0.46    -5.77     2.26     0.42    -5.72    -5.18    -2.08    -0.05    -1.11     8.77    -2.35     6.24     0.15    -1.19     1.42     1.55    -0.42    -2.94     6.60     3.17     0.68     0.45    -0.07    -5.59     1.12     0.42     1.21     2.91     2.80 
   -2.73    -0.81     4.55     4.51    -1.83     5.77     0.19    10.02    -0.18     1.26    -1.69    -6.51     1.38     3.51     2.71     4.03    -0.49    -0.70     4.41     3.95     0.37     2.35    -1.48     2.03     0.13    -2.90    -0.23     0.62    -4.24    -2.39     2.71    -2.08    -2.63    -0.60     0.49    -1.71 
   -0.93    -2.03     2.48    -2.93     2.52    -2.02     5.50     1.29     0.14    -0.21     1.57     0.35     5.50    -1.52     2.51    -2.98     4.78     0.05    12.18     2.65    -1.76     4.73     8.90     1.15     5.38    -1.22    -0.58    -0.99     2.65     2.88    -2.15    -0.12    -1.07    -1.63     3.91     0.40 
   -2.31    -2.83     0.01    -3.21     7.19     6.63    -0.82    -0.47    -1.71     5.79     4.27    -0.84     0.70     3.68    -4.69     0.97     4.57    -3.26    -2.27    -2.44    -0.53     3.18    12.05    -1.73     0.00    -2.73    -1.46    -2.56     2.50     4.01     1.20    -0.83     3.28     3.34    -4.12     1.72 
   -5.73     0.79     2.05     2.94     4.74     1.80    -5.38    -0.60     2.94     1.27    -6.07     2.54    12.83     7.70    -5.60    -1.58    -1.98     5.01     4.42     2.29     4.87     3.71     3.43     1.98     3.42    -1.56    -2.95    -4.23    -4.69     7.25     2.40    -2.59    -2.30     1.99     4.70     0.35 
    3.39    -3.01     3.16     7.57     3.29     5.23     3.64    -7.59     7.82     0.44     4.43     0.96     5.67     3.07    -0.70     4.12    -3.37     1.13    -0.30     3.12    -1.29    11.73     4.97    -5.19    -2.49     0.00     3.84    -0.75     3.59    -0.86    -3.99     0.31     4.54    -3.72    -1.32    -3.50 
   -1.62     6.47     0.85    -2.70    -0.84     1.51     3.79     1.85    -1.34     1.71     0.03     3.24    -0.76     1.57     0.89    -1.57    -0.64     1.06     1.22     1.48    -2.46    -0.40     0.96    -2.07    -2.45    -0.46    -4.25     0.33    -1.61     0.22    -1.55     0.16    -0.81     2.71    -1.08     1.70 
    0.83     1.03     6.82     0.53     6.38    -1.91     4.78    -1.27     1.55     4.38    -2.80    -1.65    -2.81     2.53     1.84     5.10    -1.74    -0.39     6.59     2.17    -1.84    -3.72     0.24     1.90    -2.48    -2.86     1.39     5.37    -2.83    -0.27    -2.12     0.24    -5.72    -4.09    -2.39     0.61 
    0.00     0.00     0.00     0.00     0.00     0.00     0.00     0.00     0.00     0.00     0.00     0.00     0.00     0.00     0.00     0.00     0.00     0.00     0.00     0.00     0.00     0.00     0.00     0.00     0.00     0.00     0.00     0.00     0.00     0.00     0.00     0.00     0.00     0.00     0.00     0.00 
    0.00     0.00     0.00     0.00     0.00     0.00     0.00     0.00     0.00     0.00     0.00     0.00     0.00     0.00     0.00     0.00 
   -5.08     1.89    -6.50    15.37     3.26     5.69     1.77     8.41     3.42     8.89     8.48    12.79    12.39    16.01     9.14    17.43   108.02   301.61    76.81     8.17     8.26    -2.62    -2.56    -3.72    -8.99    -2.42     3.19    -4.38     5.21     3.72     1.85    -3.19    -8.11     5.75     1.72    -5.74 
    0.00     0.00     0.00     0.00     0.00     0.00     0.00     0.00     0.00     0.00     0.00     0.00     0.00     0.00     0.00     0.00 


RMS Noise Of Each Node:
    6.78     6.38     6.53     5.89     6.98     6.19     6.14     7.23     5.56     6.47     5.81     6.81     7.52     7.30     9.67     6.63    39.28    52.90    19.31     5.93     4.76     6.41     6.91     5.68     5.59     8.76     5.45     7.07     4.78     6.75     6.22     6.20     7.99    11.35    10.74     7.55 
    5.53     6.66     6.03     5.18     5.50     6.87     7.42     8.70     6.80     6.35     5.57     7.10     8.89     8.99    10.07     6.80    29.78    45.12    36.87     6.90     5.76     5.46     6.99     4.99     7.59     5.63     5.05     5.25     6.18     8.46     6.21     8.43     8.87     7.42     6.67     7.09 
    9.22     7.51     7.52     6.32     6.16     6.30     6.27     7.38     5.70     6.49     5.65     6.19     7.82     8.04     8.42     6.87    16.06    69.52    19.64     7.23     4.94     7.58     7.53     4.95     5.30     5.87     6.21     5.29     5.83     6.30     7.70     5.68     7.54     6.74     8.48     7.91 
    7.16     6.20     7.61     7.34     9.16     8.50     6.72     7.53     6.91     7.42     6.01     5.35     7.03     6.03     8.80     6.35     8.28    11.43     8.76     7.13     6.14     5.69     8.25     6.39     5.90     5.91     5.49     7.74     5.62     6.35     5.77     6.24     6.33     6.48     8.49     8.23 
    6.37     8.93     6.45     6.19     6.12     7.49     7.65     7.90     8.95     6.80     5.36     5.88     6.26     5.43     8.30     6.49     7.73    10.23     9.43     5.79     5.89     6.41     7.78     6.59     5.45     4.94     4.64     5.13     6.01     5.82     5.57     5.73     6.67     6.28     9.48     6.82 
    7.23     6.20     5.71     5.93     5.59     7.30     5.89     6.61     8.90     6.94     6.52     5.86     5.28     5.67     8.19     5.34     6.78     8.64     8.25     5.96     5.20     6.08     7.52     6.41     6.39     7.64     6.53     6.08     6.10     6.98     5.52     5.79     7.14     5.66     7.13     6.33 
    6.91     7.02     5.88     7.51     5.66     7.17     6.22     8.83     9.23     6.61     6.11     6.65     5.47     6.36     8.25     5.62     7.17    10.07     6.65     7.73     5.55     5.62     6.61     5.31     4.84     8.45     5.59     6.05     6.01     7.08     5.66     5.04     7.99     6.30     8.85     7.14 
    7.04     5.88     6.46     4.97     6.62     8.24     6.75     6.54     6.28     6.06     6.40     5.68     5.32     7.01    10.38     5.44     6.43    11.15     7.12     6.63     5.63     6.02     7.84     5.83     5.32     6.21     6.37     5.33     7.91     5.84     6.01     6.12     5.95     6.29     7.27     8.16 
    6.58     8.32     5.88     5.06     6.26     7.53     6.75     7.62     7.00     6.92     4.96     7.52     6.96     6.92     7.44     4.28     7.45     9.67     7.92     6.36     4.87     5.93     6.50     4.84     5.77     7.23     5.87     5.25     5.11     6.33     7.83     5.69     5.98     5.73     6.75     7.18 
    6.30     5.99     5.93     6.01     6.15     7.70     7.85     9.51     5.86     5.99     5.82     7.04     6.02     6.05     8.62     5.81     6.57    11.25     7.60     6.49     4.70     6.01     6.30     5.15     5.22     6.10     5.54     5.20     6.59     6.31     7.30     6.59     7.38     6.40     7.61     6.60 
    6.52     6.44     5.99     6.21     6.40     7.81     6.81     6.87     5.64     7.57     6.57     5.64     5.83     6.15     8.25     5.64     7.62     9.19     8.25     6.29     5.94     6.34     7.36     5.46     6.81     5.97     5.24     4.96     5.95     6.23     5.60     5.89     6.21     6.77     6.89     7.15 
    5.60     7.85     5.45     6.22     7.57     7.25     5.58     8.13     6.49     7.04     6.68     5.16     6.12     7.80     8.91     4.84     7.40     8.50     7.49     6.10     5.15     5.84     8.78     5.16     5.36     5.58     4.96     6.28     4.87     6.47     6.28     5.49     7.11     6.29     7.67     6.56 
    7.94     5.66     5.25     5.40     6.01     6.63     7.12     7.15     6.01     5.91     6.58     5.71     8.63     7.87     9.73     4.45     6.22    10.75     7.12     6.95     6.04     5.99     7.07     4.82     5.03     5.39     6.93     7.04     7.22     7.49     6.79     6.04     4.84     6.91     7.65     7.66 
    5.77     6.15     5.63     6.36     6.27     7.97     6.70     8.39     6.76     7.16     6.22     5.28     5.84     6.64     7.49     5.14     7.23    10.01     6.13     6.30     5.70     7.82     8.01     6.35     5.51     6.40     6.20     5.26     5.03     6.84     7.67     6.23     7.13     7.59     7.91     9.05 
    6.76     7.94     5.54     6.07     6.65     6.79     6.80     6.31     5.69     7.11     5.00     5.63     5.92     6.19     7.38     5.43     5.84     9.42     7.78     6.06     4.93     5.94     6.80     5.28     5.39     5.14     6.34     5.38     5.37     5.92     5.72     4.64     6.20     7.77     7.24     7.39 
    6.12     5.52     7.58     4.74     7.51     6.42     6.68     7.34     5.46     7.35     5.78     5.38     6.37     6.20     7.55     6.63     6.56     9.37     8.19     5.77     5.34     6.16     6.89     5.31     4.96     7.10     4.40     5.83     6.02     5.67     5.71     6.42     7.32     7.90     6.90     6.95 
    0.00     0.00     0.00     0.00     0.00     0.00     0.00     0.00     0.00     0.00     0.00     0.00     0.00     0.00     0.00     0.00     0.00     0.00     0.00     0.00     0.00     0.00     0.00     0.00     0.00     0.00     0.00     0.00     0.00     0.00     0.00     0.00     0.00     0.00     0.00     0.00 
    0.00     0.00     0.00     0.00     0.00     0.00     0.00     0.00     0.00     0.00     0.00     0.00     0.00     0.00     0.00     0.00 
    7.91     7.77     9.04    10.25     7.60     8.08     8.30     8.33     9.96     9.77     9.73    11.51     8.75     9.42     9.63    10.54    11.83    15.03    10.40     8.87     8.23     8.71     8.91     8.66     8.35     8.37     9.07     8.27     8.69    10.37     7.84     9.61     7.54     9.56    11.12     8.71 
    0.00     0.00     0.00     0.00     0.00     0.00     0.00     0.00     0.00     0.00     0.00     0.00     0.00     0.00     0.00     0.00 


SNR_RMS Of Each Node:
    0.00     0.00     0.00    -7.20     0.00    -6.67   -11.73    -7.96    -1.53     0.00    -1.54     4.90     8.97     9.11    -2.32     4.10    13.20    19.40    16.73    -2.69     0.00    -0.76     0.00    -2.26     0.00     0.00    -2.35     0.00   -36.69    -9.51     0.00    -8.24     0.00     0.00     0.00     0.00 
  -12.05     0.00     0.00     0.00     0.00     0.00     0.00     0.00     0.00    -3.15    -0.59     1.65     7.61     9.39     4.65    11.46    23.20    26.95    18.90     7.29     0.00    -6.05     0.00     0.00     0.00     0.00   -14.60     0.00     0.00     0.00    -7.76     0.00     0.00     0.00   -14.34     0.00 
    0.00    -9.34     0.00     0.00     0.00   -12.02   -10.98    -7.50     0.00     0.00    -4.77    -6.74     6.78     8.15    -4.46     9.65    13.84    11.44    10.70    -3.76   -17.22     0.00     0.00     0.00     0.00     0.00     0.00   -17.82     0.00     0.00     0.00    -9.47     0.00     0.00     0.00     0.00 
    0.00     0.00     0.00     0.00     0.00     0.00     0.00     0.00     0.00     0.00    -3.30     0.00    -0.75    -1.34     0.00     4.48     9.74    13.05     8.95     2.98     3.82    -4.79    -1.18     0.00     0.00   -24.81     0.00     0.00     0.00     0.00   -11.14     0.00     0.00     0.00     0.00    -6.33 
   -6.57    -9.83    -9.46    -8.56     0.00     0.00     0.00     0.00     0.00     0.00   -13.44     0.00   -17.87     0.00    -0.18     1.15     3.06     2.42     3.28    -5.48    -0.96   -14.63     0.00     0.00     0.00     0.00     0.00     0.00     0.00   -15.56   -22.66    -7.35    -4.15     0.00     0.00   -17.31 
    0.17     0.00   -18.61     0.00     0.00     0.00     0.00     0.00     0.00     0.00     0.00     0.00     0.00     0.00   -20.77     0.00    -3.47    -9.78    -3.07    -5.32     0.00    -4.67   -10.15    -0.13     2.38     4.45    -1.05     0.00    -4.95     0.00     0.00     0.00    -7.36   -12.92   -16.48   -33.11 
  -12.43    -6.17     0.00     0.00    -6.62     0.00    -8.80     0.00     0.00     0.00     0.00     0.00   -10.47     0.00     0.00   -18.34     0.00    -8.51   -11.95    -0.40   -14.80   -11.30   -13.00   -10.92     0.00    -1.84     0.00     0.00     0.00    -4.61     0.00     0.00    -0.72   -11.69    -6.52   -18.38 
   -8.01     0.00     0.00     0.00   -14.20     0.00     0.00     0.00     0.00     0.00     0.00     0.00     0.00     0.00     0.00    -6.57     0.00    -5.63    -5.03    -1.32    -2.97     0.00   -10.88     0.00     0.00     0.00     0.00     0.00     1.22   -12.34     0.00   -24.60    -5.42    -7.95     0.00    -4.70 
    0.00     0.00   -30.28     0.00    -4.03    -3.03    -6.40     0.00     0.00    -9.72   -21.44     0.00     0.00     0.00     0.00     0.00     1.42     0.00    -2.07   -32.54     0.00   -12.42   -12.45     0.00     0.00    -0.79    -5.34   -17.76   -21.10     0.00     0.00   -14.11   -23.06   -13.50    -7.31    -8.18 
    0.00     0.00    -2.30    -2.49     0.00    -2.50   -32.33     0.46     0.00   -13.54     0.00     0.00   -12.80    -4.73   -10.05    -3.17     0.00     0.00    -4.73    -4.31   -22.08    -8.15     0.00    -8.09   -32.08     0.00     0.00   -18.47     0.00     0.00    -8.61     0.00     0.00     0.00   -23.82     0.00 
    0.00     0.00    -7.65     0.00    -8.09     0.00    -1.86   -14.53   -32.11     0.00   -12.44   -24.14    -0.51     0.00   -10.33     0.00    -4.05   -45.28     3.38    -7.50     0.00    -2.54     1.65   -13.53    -2.04     0.00     0.00     0.00    -7.03    -6.70     0.00     0.00     0.00     0.00    -4.92   -25.05 
    0.00     0.00   -54.73     0.00    -0.45    -0.77     0.00     0.00     0.00    -1.69    -3.89     0.00   -18.83    -6.53     0.00   -13.97    -4.19     0.00     0.00     0.00     0.00    -5.29     2.75     0.00     0.00     0.00     0.00     0.00    -5.79    -4.16   -14.38     0.00    -6.72    -5.50     0.00   -11.63 
    0.00   -17.11    -8.17    -5.29    -2.07   -11.32     0.00     0.00    -6.22   -13.35     0.00    -7.03     3.44    -0.19     0.00     0.00     0.00    -6.63    -4.15    -9.64    -1.87    -4.16    -6.28    -7.74    -3.35     0.00     0.00     0.00     0.00    -0.29    -9.03     0.00     0.00   -10.81    -4.23   -26.80 
   -4.62     0.00    -5.02     1.51    -5.60    -3.66    -5.29     0.00     1.27   -24.23    -2.94   -14.80    -0.25    -6.69     0.00    -1.93     0.00   -18.95     0.00    -6.11     0.00     3.52    -4.14     0.00     0.00     0.00    -4.16     0.00    -2.93     0.00     0.00   -26.06    -3.92     0.00     0.00     0.00 
    0.00    -1.78   -16.28     0.00     0.00   -13.05    -5.07   -10.66     0.00   -12.38   -44.45    -4.79     0.00   -11.92   -18.38     0.00     0.00   -18.97   -16.09   -12.24     0.00     0.00   -17.01     0.00     0.00     0.00     0.00   -24.25     0.00   -28.60     0.00   -29.24     0.00    -9.15     0.00   -12.76 
  -17.35   -14.58    -0.92   -19.04    -1.41     0.00    -2.91     0.00   -10.94    -4.50     0.00     0.00     0.00    -7.78   -12.27    -2.28     0.00     0.00    -1.89    -8.49     0.00     0.00   -29.16    -8.92     0.00     0.00   -10.01    -0.71     0.00     0.00     0.00   -28.55     0.00     0.00     0.00   -21.13 
    0.00     0.00     0.00     0.00     0.00     0.00     0.00     0.00     0.00     0.00     0.00     0.00     0.00     0.00     0.00     0.00     0.00     0.00     0.00     0.00     0.00     0.00     0.00     0.00     0.00     0.00     0.00     0.00     0.00     0.00     0.00     0.00     0.00     0.00     0.00     0.00 
    0.00     0.00     0.00     0.00     0.00     0.00     0.00     0.00     0.00     0.00     0.00     0.00     0.00     0.00     0.00     0.00 
    0.00   -12.28     0.00     3.52    -7.35    -3.04   -13.42     0.08    -9.28    -0.82    -1.20     0.92     3.02     4.60    -0.45     4.37    19.21    26.05    17.37    -0.71     0.03     0.00     0.00     0.00     0.00     0.00    -9.08     0.00    -4.44    -8.90   -12.54     0.00     0.00    -4.41   -16.21     0.00 
    0.00     0.00     0.00     0.00     0.00     0.00     0.00     0.00     0.00     0.00     0.00     0.00     0.00     0.00     0.00     0.00 


