**************************************************RMS Noise SNR Each Node*******************************************
TxNum:16
RxNum:36


Signal Of Each Node:
   -1.72    -2.32    -3.38     0.91     4.56    -1.03     0.71    -4.28     0.89     3.82    -4.90     1.17    -5.99     2.11    -1.81     0.47    -7.94     1.87     1.19    -3.36     1.46    -5.70     2.37    -3.45     0.36     2.02    -2.60     0.81    -3.60    -0.56    -6.12    -0.71    -3.10    -2.25     1.73    -6.85 
    2.89     1.47    -5.07     4.14    -1.13    -0.12    -3.39    -5.90    -0.50     2.37     1.25    -1.24    -3.26     5.60     0.04     1.40     2.38    -1.13    -4.53    -1.98     1.35    -0.79    -5.63     4.90    -4.18     1.75    -0.11    -1.56     4.15    -3.50    -6.18    -6.34    -2.53    -1.74     2.04    -2.85 
    0.01     7.06    -0.14     2.05     5.15     2.62     0.10    -2.62     1.05    -0.46     0.68     6.20     2.05    -2.80    -0.55     2.56    -2.70     3.40    -1.14    -1.69    -0.08     0.18     2.08     1.47    -3.66    -1.71    -0.18    -4.89    -3.45    -1.36     0.32    -3.20     0.52     2.83     0.59     2.22 
    2.70     4.03     0.51    -3.36     6.78     6.87     4.74     0.99    -4.77     0.36     1.12     2.98     4.59     2.77    -2.78     6.07     2.24    -7.64    -6.00     0.87     2.08    -6.17    -3.68     1.44     2.85     2.30     2.46    -3.33     3.70    -5.25    -5.73    -4.99    -3.26    -2.04    -2.25    -5.14 
   -6.83     5.41     1.08     1.32    -1.04     2.21     1.02    -1.11     2.49     0.08    -0.63     5.40    -2.82    -3.48    -0.13     1.70    -2.24    -4.77    -0.06    -0.31    -3.96     1.36     1.25    -4.11    -1.69     0.24    -2.91   -13.84    -0.62    -3.82    -6.03     0.92     1.89    -1.07    -1.03     3.15 
    9.26     2.64    -1.52     1.37     1.81     1.82    -4.72     1.30     9.92    -6.62    -0.64    -3.18     1.06    10.84    -1.47    -8.79     1.83     2.75    -2.02    -1.38     2.02    -1.12    -3.30     1.31    -5.16    -3.45     1.74    -4.70    -3.90    -4.89    -3.69    -4.40    -5.21    -0.71    -2.00    -6.25 
   -0.74     2.48    -0.20     7.29    -0.31    -0.21     0.81    -0.66     0.92     1.14    -2.41    -6.99    -1.91    -8.13     1.34     0.09     4.54    -1.16    -0.26     4.78     2.18     0.54     3.50    -0.10    -3.06    -7.56     1.95     1.31    -2.60    -2.82    -0.53     3.66     3.88    -0.44    -4.30    -1.41 
   -5.68     0.81    -3.32    -0.76     3.27     4.77    -1.42    -7.56     3.35    -3.20     1.77     4.68     2.83    -9.57    -0.44    -5.58    -4.41     3.59    -0.68     4.45     3.83    -2.99    -2.84    -4.71    -1.43    -3.40     1.60    -6.66     1.62     0.98     1.76     0.75     2.93     1.92    -3.80     0.02 
    1.19     4.64     3.30     2.90    -9.52     1.60     1.87     0.21    -2.68     2.62     1.36     1.43    -2.26    -2.84     5.98    -6.48     1.08    -1.99    -8.73     6.74     4.46    -0.28    -3.22     1.41    -2.63    -5.09     1.02    -3.81    -6.19    -6.98    -7.11    -4.10    -3.43    -3.90    -3.01     3.56 
    2.74     3.75     3.12     0.73    -1.45    -2.75    -3.61    -0.12     5.54    -0.94     4.39    -3.45     6.50    -0.89    -1.47     0.82     4.55    -3.18     5.32     1.78     4.26    -1.01     5.71    -6.50     1.81    -0.49     0.85     2.02    -2.32    -1.13    -1.62    -4.69    -7.18    -4.15    -3.60    -5.35 
  -10.18     0.58    -5.29    -2.22     0.47     5.57    -7.51     4.57     2.33    -3.34     3.96    -4.78     0.25     3.53    -2.94    -3.51     5.04    -3.45     1.09     5.94     3.69     1.84    -3.08    -7.00     1.10     2.01     2.17    -9.44    -4.00    -2.34    -3.37     0.31    -2.35    -1.69    -1.70    -0.37 
   -2.02    -0.12     4.89    -1.03    -1.47    -2.74     0.21    -4.26     2.46     1.28     4.81     0.18    -4.50     1.78    -3.57    -0.89     0.27     1.40     6.90     3.94     0.63    12.23    -3.78    -0.78    -1.87   -10.73    -4.27    -3.18     1.17    -3.62     2.38     1.45    -2.54    -0.35     1.02    -3.97 
   -1.14    -0.29     4.65     0.37    -0.41     0.44    -6.36    -2.95     0.58    -1.33    -2.60    -4.22    -0.29     2.08     0.48     6.01     2.84     3.69    -5.69     9.20    14.54     9.66     8.04     3.98    -2.98     4.30    -1.97    -1.60    -2.23    -7.48    -1.57    -0.90    -2.36     4.85    -2.07    -4.29 
    2.61    -2.57    -6.78    -7.29    -5.58    -1.46    -2.91    -2.27    -5.36    -7.69     0.94    -8.16     0.79    -1.22    -5.20     3.34   141.21   488.87    92.87    13.57    21.32    16.99    12.73     8.51     2.66    -0.55    -2.35    -6.12     0.80    -6.30    -2.81    -2.69    -2.13    -4.31    -6.97    -2.15 
   -6.33    -2.89    -5.79     3.06     3.13    -6.02     4.38    -0.19    -4.62    -2.79    -0.33    -2.17    -9.20    -3.59     5.42    10.17   410.57   951.88   317.60    28.23    30.40    10.90    14.20     5.49    -2.47    -2.92    -1.24    -2.10     1.58    -5.64    -5.12    -8.45    -2.90    -4.55    -1.47    -3.08 
   -6.09    -2.00    -2.06    -4.11    -8.34     5.02    -5.26    -5.78    -1.36    -1.29    -0.49    -6.48    -0.48    -4.84     7.52    12.72    88.22   223.87    49.33     4.91     8.25     4.93     6.93     5.65    -3.13    -0.22    -4.25     1.69    -5.70    -8.86    -2.79    -3.39    -3.12    -2.49    -3.02    -7.14 
    0.00     0.00     0.00     0.00     0.00     0.00     0.00     0.00     0.00     0.00     0.00     0.00     0.00     0.00     0.00     0.00     0.00     0.00     0.00     0.00     0.00     0.00     0.00     0.00     0.00     0.00     0.00     0.00     0.00     0.00     0.00     0.00     0.00     0.00     0.00     0.00 
    0.00     0.00     0.00     0.00     0.00     0.00     0.00     0.00     0.00     0.00     0.00     0.00     0.00     0.00     0.00     0.00 
   -1.64   -12.16   -15.87    -8.35   -14.29    -8.93   -10.57    -3.95   -10.19   -13.48     1.60    -2.23    -0.01     4.40     5.97    26.22   101.82   289.41    88.11    39.10    42.29    21.55    21.86    32.99    15.45    13.13    35.57    16.12    21.43     8.89     7.81    15.27    -2.07    -1.45    -4.77     6.76 
    0.00     0.00     0.00     0.00     0.00     0.00     0.00     0.00     0.00     0.00     0.00     0.00     0.00     0.00     0.00     0.00 


RMS Noise Of Each Node:
    6.97     5.90     6.21     5.18     9.10     7.49     6.68     7.01     5.48     5.93     5.17     5.61     6.34     6.35     7.87     5.02     6.42     6.87     6.76     6.61     5.34     6.68     7.34     5.66     4.65     5.55     5.75     4.62     5.16     5.60     6.43     4.99     6.03     6.11     7.36     7.38 
    7.00     6.47     6.51     7.02     6.35     6.86     6.25     7.64     6.16     6.45     5.51     5.08     6.39     7.97     8.25     5.70     5.48     8.02     7.58     5.77     5.57     5.27     7.37     7.40     5.60     5.88     5.30     4.73     6.19     6.33     7.62     7.60     6.18     5.90     7.42     6.40 
    6.14    10.06     5.11     5.44     7.82     7.42     6.56     7.82     5.69     6.18     5.42     7.19     5.72     5.47     7.71     5.02     5.79     8.13     7.22     5.99     5.55     5.56     6.25     5.42     6.27     5.80     5.15     6.07     5.89     5.46     5.62     6.32     5.03     5.58     8.06     7.13 
    6.63     7.17     6.26     5.70     7.58     8.68     7.56     7.11     6.52     6.49     5.06     5.22     7.29     7.11     7.70     7.22     6.58     8.82     7.59     6.36     5.67     6.16     6.82     5.10     6.20     5.55     6.05     5.79     5.97     6.45     7.72     5.98     4.89     6.57     7.38     7.46 
    7.82     8.78     6.65     6.30     6.06     8.19     7.26     7.83     6.37     6.15     6.00     7.03     5.54     6.25     7.91     5.00     6.10     8.81     6.40     6.46     5.64     5.51     7.43     5.85     4.94     5.46     5.21     6.49     5.04     6.11     6.32     6.02     6.74     5.57     7.73     8.74 
    8.97     7.06     6.22     5.67     6.44     6.39     7.03     7.51     8.44     7.20     6.55     6.10     6.38    11.15     6.94     6.67     5.62     8.38     6.68     6.21     5.39     5.18     6.98     5.11     6.41     5.31     5.75     5.67     5.90     6.11     6.14     5.95     6.62     6.53     7.60     7.77 
    6.75     6.13     6.55     7.46     7.05     6.01     6.79     7.06     6.56     6.83     5.97     8.00     6.14     7.80     9.14     4.68     7.08     8.54     6.60     7.11     5.44     5.61     8.73     5.34     5.90     8.00     6.36     4.92     4.57     5.60     5.46     6.37     8.25     5.22     7.78     6.25 
    6.73     6.36     6.02     5.50     6.73     7.22     5.88     8.43     5.74     7.68     5.05     6.93     6.29     8.35     8.70     6.25     6.48     8.54     8.42     7.64     6.69     6.12     6.37     6.09     5.66     6.06     5.63     6.67     5.02     5.92     7.29     5.35     6.08     6.06     7.58     6.54 
    6.46     7.23     6.70     6.88     7.97     6.50     6.35     8.15     5.79     6.22     5.39     5.84     6.23     5.97     8.84     5.97     5.96     7.36     7.45     8.01     6.08     5.17     7.19     5.61     5.86     6.32     5.14     5.39     6.51     7.45     6.57     6.24     6.11     5.96     8.30     8.08 
    5.65     6.90     6.68     6.53     6.71     7.93     7.36     7.99     6.57     6.30     6.50     6.90     6.25     6.71     6.95     5.11     6.95     7.39     7.87     6.08     6.52     5.58     8.85     6.23     5.19     5.44     4.73     5.51     5.03     6.24     5.93     6.16     8.61     6.41     7.32     7.35 
    7.91     5.73     6.75     5.30     7.02     8.19     7.31     8.17     5.95     6.92     7.69     5.87     5.70     8.26     7.61     6.30     7.01     8.50     6.30     9.06     6.35     6.57     6.87     6.15     5.58     6.46     5.95     6.88     5.18     6.29     5.61     5.82     6.12     6.30     7.32     6.10 
    6.44     7.14     7.41     6.27     6.45     8.65     7.05     7.46     6.59     7.42     6.56     6.14     6.55     5.97     7.15     4.45     5.27     7.96     9.63     7.52     4.82    10.70     7.44     5.44     6.18     7.50     5.58     5.74     5.00     5.87     5.54     5.69     6.15     5.37     6.78     6.72 
    5.45     6.48     5.60     4.66     5.26     7.37     9.71     7.55     6.14     6.08     7.11     6.50     6.83     6.56     7.26     5.96     6.78     9.51     7.80     8.01     8.98     7.04     9.50     6.14     5.02     6.50     5.84     4.24     5.69     7.86     6.49     5.17     6.16     6.80     6.17     6.08 
    7.15     6.42     8.67     8.22     7.20     8.42     7.59     8.76     6.71     9.50     6.46     8.84     5.85     6.56     8.52     7.00    50.03    75.62    17.39    10.44    11.35     9.29     9.58     7.24     5.40     5.53     5.52     7.20     4.45     7.54     6.18     5.82     6.53     6.90     8.13     6.13 
    7.46     6.71     8.58     5.88     6.97     8.84     7.51     8.39     7.14     5.88     5.38     5.82     8.84     6.53     9.22     7.51    44.34    55.18    64.10    16.11    15.17     8.36     9.92     5.78     5.21     5.64     5.51     4.56     4.97     7.89     6.40     8.43     6.11     7.04     6.75     6.66 
    8.60     7.66     6.79     7.00    10.38     7.62     8.13     8.47     6.73     6.36     6.68     7.87     7.08     8.35     8.78     8.92    14.40    47.95    22.54     6.79     8.97     6.58     8.76     6.73     5.70     5.18     6.18     5.43     7.48     8.02     5.50     6.24     6.36     5.71     8.12     8.19 
    0.00     0.00     0.00     0.00     0.00     0.00     0.00     0.00     0.00     0.00     0.00     0.00     0.00     0.00     0.00     0.00     0.00     0.00     0.00     0.00     0.00     0.00     0.00     0.00     0.00     0.00     0.00     0.00     0.00     0.00     0.00     0.00     0.00     0.00     0.00     0.00 
    0.00     0.00     0.00     0.00     0.00     0.00     0.00     0.00     0.00     0.00     0.00     0.00     0.00     0.00     0.00     0.00 
    7.99     9.49     6.72    10.00     8.69     7.72     6.56     8.15     7.62     7.76     9.25     8.27     8.65     8.53     9.95     7.81    17.32    13.64    15.67     9.62    12.62     7.60     9.08    12.10     7.43     8.96    11.58     8.48    11.38     8.85     8.66     9.46     7.53     9.81     7.43     7.86 
    0.00     0.00     0.00     0.00     0.00     0.00     0.00     0.00     0.00     0.00     0.00     0.00     0.00     0.00     0.00     0.00 


SNR_RMS Of Each Node:
    0.00     0.00     0.00   -15.11    -6.00     0.00   -19.48     0.00   -15.79    -3.82     0.00   -13.61     0.00    -9.58     0.00   -20.57     0.00   -11.30   -15.09     0.00   -11.27     0.00    -9.82     0.00   -22.22    -8.78     0.00   -15.12     0.00     0.00     0.00     0.00     0.00     0.00   -12.57     0.00 
   -7.69   -12.88     0.00    -4.59     0.00     0.00     0.00     0.00     0.00    -8.69   -12.89     0.00     0.00    -3.07   -46.29   -12.20    -7.24     0.00     0.00     0.00   -12.31     0.00     0.00    -3.59     0.00   -10.53     0.00     0.00    -3.47     0.00     0.00     0.00     0.00     0.00   -11.21     0.00 
  -55.76    -3.07     0.00    -8.47    -3.63    -9.04   -36.34     0.00   -14.68     0.00   -18.03    -1.28    -8.92     0.00     0.00    -5.85     0.00    -7.57     0.00     0.00     0.00   -29.80    -9.56   -11.33     0.00     0.00     0.00     0.00     0.00     0.00   -24.90     0.00   -19.72    -5.90   -22.71   -10.13 
   -7.81    -5.01   -21.77     0.00    -0.96    -2.03    -4.05   -17.12     0.00   -25.12   -13.10    -4.86    -4.01    -8.19     0.00    -1.51    -9.36     0.00     0.00   -17.27    -8.71     0.00     0.00   -10.99    -6.75    -7.66    -7.82     0.00    -4.16     0.00     0.00     0.00     0.00     0.00     0.00     0.00 
    0.00    -4.21   -15.79   -13.57     0.00   -11.38   -17.05     0.00    -8.16   -37.71     0.00    -2.30     0.00     0.00     0.00    -9.37     0.00     0.00     0.00     0.00     0.00   -12.16   -15.48     0.00     0.00   -27.14     0.00     0.00     0.00     0.00     0.00   -16.32   -11.04     0.00     0.00    -8.87 
    0.28    -8.54     0.00   -12.34   -11.02   -10.90     0.00   -15.24     1.41     0.00     0.00     0.00   -15.59    -0.25     0.00     0.00    -9.75    -9.68     0.00     0.00    -8.52     0.00     0.00   -11.82     0.00     0.00   -10.39     0.00     0.00     0.00     0.00     0.00     0.00     0.00     0.00     0.00 
    0.00    -7.86     0.00    -0.20     0.00     0.00   -18.47     0.00   -17.06   -15.55     0.00     0.00     0.00     0.00   -16.67   -34.31    -3.86     0.00     0.00    -3.45    -7.94   -20.33    -7.94     0.00     0.00     0.00   -10.27   -11.50     0.00     0.00     0.00    -4.81    -6.55     0.00     0.00     0.00 
    0.00   -17.89     0.00     0.00    -6.27    -3.60     0.00     0.00    -4.67     0.00    -9.11    -3.41    -6.94     0.00     0.00     0.00     0.00    -7.53     0.00    -4.70    -4.85     0.00     0.00     0.00     0.00     0.00   -10.93     0.00    -9.83   -15.63   -12.34   -17.07    -6.35    -9.98     0.00   -50.29 
  -14.69    -3.85    -6.15    -7.51     0.00   -12.18   -10.62   -31.78     0.00    -7.52   -11.96   -12.23     0.00     0.00    -3.40     0.00   -14.83     0.00     0.00    -1.49    -2.69     0.00     0.00   -11.99     0.00     0.00   -14.05     0.00     0.00     0.00     0.00     0.00     0.00     0.00     0.00    -7.12 
   -6.28    -5.30    -6.61   -19.03     0.00     0.00     0.00     0.00    -1.48     0.00    -3.41     0.00     0.34     0.00     0.00   -15.89    -3.68     0.00    -3.40   -10.66    -3.70     0.00    -3.81     0.00    -9.15     0.00   -14.92    -8.71     0.00     0.00     0.00     0.00     0.00     0.00     0.00     0.00 
    0.00   -19.89     0.00     0.00   -23.49    -3.35     0.00    -5.04    -8.15     0.00    -5.77     0.00   -27.16    -7.38     0.00     0.00    -2.86     0.00   -15.23    -3.67    -4.72   -11.06     0.00     0.00   -14.10   -10.15    -8.76     0.00     0.00     0.00     0.00   -25.47     0.00     0.00     0.00     0.00 
    0.00     0.00    -3.61     0.00     0.00     0.00   -30.52     0.00    -8.56   -15.27    -2.69   -30.65     0.00   -10.51     0.00     0.00   -25.81   -15.09    -2.90    -5.62   -17.68     1.16     0.00     0.00     0.00     0.00     0.00     0.00   -12.61     0.00    -7.34   -11.88     0.00     0.00   -16.45     0.00 
    0.00     0.00    -1.61   -22.00     0.00   -24.47     0.00     0.00   -20.49     0.00     0.00     0.00     0.00    -9.98   -23.59     0.07    -7.56    -8.23     0.00     1.20     4.19     2.75    -1.45    -3.77     0.00    -3.58     0.00     0.00     0.00     0.00     0.00     0.00     0.00    -2.93     0.00     0.00 
   -8.75     0.00     0.00     0.00     0.00     0.00     0.00     0.00     0.00     0.00   -16.74     0.00   -17.39     0.00     0.00    -6.42     9.01    16.21    14.55     2.28     5.48     5.24     2.47     1.40    -6.15     0.00     0.00     0.00   -14.90     0.00     0.00     0.00     0.00     0.00     0.00     0.00 
    0.00     0.00     0.00    -5.67    -6.95     0.00    -4.69     0.00     0.00     0.00     0.00     0.00     0.00     0.00    -4.61     2.63    19.33    24.74    13.90     4.87     6.03     2.30     3.11    -0.44     0.00     0.00     0.00     0.00    -9.96     0.00     0.00     0.00     0.00     0.00     0.00     0.00 
    0.00     0.00     0.00     0.00     0.00    -3.63     0.00     0.00     0.00     0.00     0.00     0.00     0.00     0.00    -1.35     3.08    15.74    13.38     6.80    -2.82    -0.72    -2.51    -2.04    -1.52     0.00     0.00     0.00   -10.14     0.00     0.00     0.00     0.00     0.00     0.00     0.00     0.00 
    0.00     0.00     0.00     0.00     0.00     0.00     0.00     0.00     0.00     0.00     0.00     0.00     0.00     0.00     0.00     0.00     0.00     0.00     0.00     0.00     0.00     0.00     0.00     0.00     0.00     0.00     0.00     0.00     0.00     0.00     0.00     0.00     0.00     0.00     0.00     0.00 
    0.00     0.00     0.00     0.00     0.00     0.00     0.00     0.00     0.00     0.00     0.00     0.00     0.00     0.00     0.00     0.00 
    0.00     0.00     0.00     0.00     0.00     0.00     0.00     0.00     0.00     0.00   -15.24     0.00     0.00    -5.75    -4.43    10.52    15.39    26.53    15.00    12.18    10.50     9.05     7.63     8.71     6.36     3.32     9.75     5.58     5.50     0.04    -0.90     4.16     0.00     0.00     0.00    -1.31 
    0.00     0.00     0.00     0.00     0.00     0.00     0.00     0.00     0.00     0.00     0.00     0.00     0.00     0.00     0.00     0.00 


