**************************************************Noise Test*******************************************
TxNum:16
RxNum:36
NoiseAvr:7.34
NoiseMin:4.98
NoiseMax:11.14


    8.09     7.66     6.90     7.95     7.22     8.31     7.59     8.27     7.91     8.02     7.79     7.36     7.82     7.13     8.69     6.07     7.77     6.99     7.68     7.32     6.18     6.94     9.39     6.06     6.52     6.84     6.48     6.38     6.47     7.44     6.49     6.43     7.80     6.59     7.14     7.37 
    7.52     7.85     7.47     6.65     7.54     8.66     7.35     8.19     7.65     7.70     6.87     6.70     7.00     6.61     8.04     7.12     6.51     6.19     7.39     8.22     6.45     6.17     7.83     7.31     6.83     6.94     7.02     6.84     5.84     7.29     6.48     7.05     7.14     7.02     9.35     7.42 
    7.16    11.14     7.25     7.38     8.11     9.34     7.92     9.32     6.81     7.26     7.65     7.94     7.02     8.80     9.68     6.85     7.32     6.55     7.28     5.89     7.08     6.53     7.21     6.21     7.29     6.07     6.91     6.19     5.67     7.76     6.94     7.20     7.33     6.98     8.22     8.81 
    7.13     7.58     7.32     7.58     7.42     8.99     7.41     8.15     7.01     7.75     6.87     7.38     7.62     7.85    10.90     6.20     7.55     6.75     7.66     7.85     6.39     7.47     9.12     6.07     5.69     5.61     6.00     6.01     5.82     7.75     6.19     6.22     6.99     6.97     7.37     7.55 
    6.90     9.56     6.94     7.00     7.83    10.27     8.42     8.16     5.74     9.56     6.58     8.42     6.17     8.98     8.60     6.52     7.12     7.30     9.03     7.33     6.45     6.29     8.74     7.35     6.06     7.87     6.78     6.06     7.09     6.57     7.40     6.63     7.70     7.50     9.31     8.76 
    6.43     7.66     8.38     6.92     8.21     8.27     6.65     7.70     6.09     9.42     7.37     8.17     6.80     6.84     8.60     6.38     5.96     6.97     7.89     6.70     6.66     7.09     7.88     7.25     5.00     5.05     6.97     6.18     5.74     6.37     6.46     6.74     6.57     7.70     9.22     8.67 
    7.94     7.99     7.41     6.95     6.46     8.87     9.59     8.78     7.11     7.98     7.01     7.29     6.78     8.04     9.61     7.46     6.68     6.45     8.35     6.42     6.40     6.88     7.49     6.32     4.98     7.85     6.54     5.78     5.66     7.12     6.90     7.17     6.77     7.12     8.67     8.54 
    7.18     8.13     7.11     7.27     7.57     8.19     8.31     9.31     7.81     8.03     6.68     6.80     6.80     7.24     8.82     6.55     7.00     8.04     8.79     7.48     6.63     6.96     8.35     6.64     6.94     6.67     7.71     6.81     6.43     7.69     7.07     6.78     6.65     6.05     7.81     8.87 
    6.69     7.48     6.68     7.91     6.92     6.06     8.89     8.19     6.91     8.34     7.32     7.83     6.81     7.64     9.93     7.28     7.81     6.02     7.83     6.35     6.11     6.14     8.28     7.39     6.79     7.90     5.75     5.70     6.79     6.22     6.06     6.65     7.46     6.52     8.78     8.36 
    6.73     6.89     6.69     6.48     8.57     7.87     7.49     8.77     8.10     8.44     6.54     7.07     7.36     7.35     9.81     6.73     6.90     6.38     7.46     6.78     6.55     7.52     8.76     6.29     6.25     8.00     6.39     6.13     6.06     7.36     6.52     6.83     7.63     7.90     8.41     7.75 
    7.16     7.08     6.98     7.11     7.79     9.77     7.84     8.63     7.79     8.90     7.91     6.16     7.45     8.15     8.98     6.83     6.67     7.02     8.53     7.65     6.18     7.91     9.21     6.15     5.80     6.40     7.20     6.10     6.81     6.64     7.03     7.35     7.63     7.06     8.81     9.52 
    7.51     7.16     7.37     7.55     8.57     8.63     7.84     8.10     8.28     7.56     7.42     7.24     6.55     8.05     9.26     5.65     6.71     7.00     8.07     6.11     5.21     6.53     8.57     7.00     6.74     6.95     6.60     6.07     5.43     6.58     6.78     7.19     7.22     6.94     7.47     8.46 
    7.58     8.09     7.52     6.93     6.85     8.28     6.74     9.28     6.88     7.92     8.16     6.84     7.26     8.98     8.36     6.33     7.03     7.71     7.39     5.83     7.15     7.40     7.31     7.40     6.62     7.23     6.42     5.79     6.21     7.58     6.78     6.49     7.68     7.47     8.37     8.85 
    8.11     7.75     7.20     7.56     7.86     8.42     8.24     8.91     7.96     8.89     7.01     8.10     7.03     9.16     9.32     6.38     6.30     7.25     8.81     7.56     6.93     6.58     8.06     6.59     6.18     6.99     6.40     6.42     7.06     6.41     6.44     6.53     7.35     7.16     7.61     7.62 
    7.14     7.58     8.12     7.02     8.88     8.72     8.14     9.33     7.42     8.37     6.72     7.71     7.13     7.71     9.63     6.08     7.44     5.94     7.51     8.17     7.55     6.34     7.42     6.90     5.71     6.23     5.98     5.33     6.20     6.63     6.60     6.85     6.70     6.66     8.40     7.53 
    8.46     8.08     5.92     8.08     9.33     9.14     8.25     7.82     7.32     9.00     7.11     7.16     7.48     7.78     9.22     6.85     6.74     6.33     7.56     7.34     6.90     6.27     7.63     7.05     7.23     6.65     5.87     5.62     5.97     6.38     7.56     5.61     6.55     6.69     8.93     9.48 


NoiseAvrSCap:0.00
NoiseMinSCap:0.00
NoiseMaxSCap:0.00


    0.00    0.00    0.00    0.00    0.00    0.00    0.00    0.00    0.00    0.00    0.00    0.00    0.00    0.00    0.00    0.00    0.00    0.00    0.00    0.00    0.00    0.00    0.00    0.00    0.00    0.00    0.00    0.00    0.00    0.00    0.00    0.00    0.00    0.00    0.00    0.00
    0.00    0.00    0.00    0.00    0.00    0.00    0.00    0.00    0.00    0.00    0.00    0.00    0.00    0.00    0.00    0.00


NoiseAvrSCapNoProof:6.34
NoiseMinSCapNoProof:0.00
NoiseMaxSCapNoProof:11.01


    8.91    8.54    9.50   10.17    9.33    8.56    8.46    8.81    8.28    9.87    8.74    8.31    9.37    9.64    9.48    8.89    9.13   11.01    9.97    8.54    8.48    9.77    9.71   10.61    9.00    7.35    9.83   10.53    8.22    9.55    8.58   10.26    8.94    7.43    9.35    8.61
    0.00    0.00    0.00    0.00    0.00    0.00    0.00    0.00    0.00    0.00    0.00    0.00    0.00    0.00    0.00    0.00


