34 575 781 103 4 1 4 10 
49 782 790 52 0 -2 1 9 
20 496 474 26 -5 1 -1 -5 
17 -6 -3 -14 7 -1 5 9 
8 -2 9 2 -5 9 8 6 
5 -3 7 3 -6 -1 1 -5 
1 1 1 1 1 1 1 1 1 1 
794 587 1179
5 12 29 15 3 3 1 5 
15 447 639 90 9 0 -6 -3 
30 593 794 113 11 -1 0 -5 
39 774 784 53 9 -1 -1 6 
26 517 513 21 0 3 4 0 
-12 -1 -4 -16 -2 8 -1 16 
6 16 12 5 -6 5 -6 -3 
6 -1 12 5 5 4 4 4 
1 1 1 1 1 1 1 1 1 1 
784 587 1179
19 34 49 -2 -3 -1 4 -3 
25 447 628 82 -2 4 -1 11 
18 559 778 98 14 4 -2 1 
49 784 779 61 3 7 3 -1 
15 524 509 19 -3 -1 6 -5 
-8 -1 -2 3 1 7 5 2 
5 -5 15 13 -8 1 5 -6 
8 10 7 2 9 1 -2 9 
2 2 2 1 1 1 1 1 1 1 
790 597 1178
13 16 39 -4 5 3 -1 5 
23 445 648 86 -1 4 3 -4 
16 790 786 97 4 -5 11 -6 
49 790 774 51 -1 6 -2 -2 
16 532 515 5 -10 -3 -5 -3 
-9 7 4 1 -12 -1 6 2 
7 0 -9 -8 -6 4 3 -10 
-4 12 6 3 3 -6 -9 5 
1 1 1 1 1 1 1 1 1 1 
787 597 1178
7 10 31 2 17 -1 -2 3 
6 451 647 94 11 -8 3 10 
19 569 787 116 7 9 -6 0 
45 768 780 58 -4 9 2 4 
17 537 519 21 -1 -6 2 5 
-19 9 -7 -4 -3 8 1 10 
14 8 12 9 -4 -2 4 3 
13 9 -6 2 0 -6 -1 3 
2 2 2 1 1 1 1 1 1 1 
773 597 1178
16 5 24 10 8 1 -6 -8 
13 447 653 86 2 -1 9 3 
17 559 773 92 12 -10 6 6 
50 769 773 60 -1 4 -1 -1 
23 524 520 18 0 -3 11 -4 
16 -3 3 -5 2 11 0 12 
3 1 -8 8 3 0 1 6 
12 -4 -9 -3 2 -5 -1 6 
2 2 2 1 1 1 1 1 1 1 
786 597 1178
16 20 32 9 0 1 -6 8 
9 420 620 83 4 -8 -1 -9 
17 786 786 101 7 -5 -3 2 
47 768 761 43 10 -6 5 17 
30 547 517 19 -8 7 -6 -4 
11 10 7 -5 5 -2 3 -3 
3 -5 4 16 4 9 -6 2 
0 5 7 0 1 0 -4 -9 
2 2 2 1 1 1 1 1 1 1 
784 597 1178
13 18 40 -3 5 2 0 1 
16 449 647 82 6 0 0 -1 
22 784 784 111 15 4 1 -4 
59 765 759 52 8 2 6 -2 
28 537 523 14 1 -10 3 -5 
-16 8 5 -3 2 -7 2 5 
2 -2 -12 9 -6 -3 4 -2 
5 -9 10 2 -7 7 -3 3 
1 1 1 1 1 1 1 1 1 1 
779 597 1178
11 17 45 -1 4 -2 0 9 
4 441 637 85 8 8 -7 6 
22 570 779 91 21 1 -7 -4 
52 766 771 50 1 2 0 -3 
18 546 543 23 2 -6 2 -7 
-9 19 -5 -10 2 3 -1 12 
5 -9 -5 -3 -6 -1 3 -2 
7 -2 1 -7 -7 8 4 5 
1 1 1 1 1 1 1 1 1 1 
777 597 1178
13 22 54 7 -5 2 -6 3 
7 449 650 86 -3 -5 6 16 
13 558 777 101 8 1 -3 -9 
41 740 744 54 1 4 -14 2 
19 548 531 24 -2 -4 -5 6 
3 9 3 -9 0 4 4 4 
6 7 -7 13 -2 -1 0 11 
9 5 12 0 -8 1 -9 -8 
1 1 1 1 1 1 1 1 1 1 
785 597 1178
11 13 39 10 6 1 11 4 
9 461 651 90 10 -1 8 5 
11 565 785 100 14 -4 0 6 
48 744 754 60 -6 2 -3 -13 
37 572 548 19 0 -5 4 -2 
-9 10 10 -5 -2 2 5 3 
0 14 12 6 -1 8 -1 -2 
-5 -15 6 -2 5 2 -1 -1 
2 2 2 1 1 1 1 1 1 1 
784 597 1178
7 19 29 -2 9 1 -3 5 
6 445 635 82 10 0 -13 -11 
20 784 784 95 -1 -10 -6 7 
50 758 756 49 0 9 8 -4 
28 562 551 21 6 0 -9 14 
-15 3 -5 -3 3 2 -1 3 
12 -3 2 8 3 -7 -5 -7 
-6 -8 8 -7 3 4 4 -5 
2 2 2 1 1 1 1 1 1 1 
778 597 1178
11 11 37 13 -3 -8 -5 -1 
12 472 655 87 4 3 -6 6 
21 778 778 110 7 5 -1 -1 
41 750 736 47 4 6 -7 3 
25 572 565 26 3 2 6 -4 
4 11 -7 4 7 7 0 5 
4 0 -13 3 -4 7 12 -10 
5 3 6 9 0 1 -9 -10 
2 2 2 1 1 1 1 1 1 1 
778 597 1178
0 5 43 7 0 -3 -3 0 
23 465 674 93 7 -3 3 -8 
22 778 778 103 9 5 -8 -6 
52 734 734 58 3 -5 2 2 
17 580 561 17 -8 1 -4 -9 
8 9 -8 -7 3 7 2 17 
4 0 9 -5 -7 1 -5 6 
6 3 5 -2 -2 7 -3 0 
1 1 1 1 1 1 1 1 1 1 
784 597 1178
18 17 50 2 7 1 0 12 
18 462 659 97 7 -2 -11 7 
18 563 784 100 -2 -3 -3 -4 
46 739 742 60 3 17 4 -9 
24 588 567 21 1 -12 7 -4 
-14 7 4 -2 -7 8 5 -3 
3 -1 -1 9 -6 2 -2 1 
6 -6 -2 -1 3 -1 1 2 
1 1 1 1 1 1 1 1 1 1 
778 597 1178
3 28 52 0 1 2 -14 5 
13 451 646 93 3 -13 -5 2 
12 562 778 90 9 3 -9 2 
48 729 737 55 -3 4 3 -11 
15 575 566 29 1 -2 4 1 
-19 1 1 1 -4 -2 -4 8 
7 -10 4 1 0 1 0 5 
-5 -8 3 -5 -7 -6 -4 6 
1 1 1 1 1 1 1 1 1 1 
790 597 1178
7 12 27 7 3 -1 6 0 
19 452 638 84 3 -4 -9 -1 
20 570 790 98 4 9 -7 -2 
37 713 722 43 6 1 3 -4 
34 598 577 18 2 2 0 1 
15 16 12 -11 1 0 1 5 
3 7 -1 17 0 -5 -3 -10 
-4 -8 -1 6 -7 -4 5 -5 
1 1 1 1 1 1 1 1 1 1 
766 597 1178
4 20 33 3 16 -2 -1 -2 
23 458 650 92 -2 -1 6 3 
28 568 766 112 11 13 2 11 
31 707 716 65 6 5 0 -3 
25 600 587 27 9 7 -1 4 
-12 17 12 -14 5 1 -6 2 
-3 -11 7 8 -5 -1 0 -6 
-5 12 22 3 4 7 -7 -3 
2 2 2 1 1 1 1 1 1 1 
781 597 1178
10 11 37 1 12 9 4 9 
8 447 639 85 6 -6 -3 -8 
14 781 781 101 11 -1 4 -7 
45 716 707 47 -3 3 1 0 
19 591 578 29 -1 6 1 -8 
-12 4 3 -5 2 8 -2 18 
3 0 -5 4 -10 9 1 7 
0 -3 -4 2 -5 0 -3 -1 
2 2 2 1 1 1 1 1 1 1 
775 597 1178
4 11 41 -2 -1 2 2 -6 
12 448 654 91 12 4 -7 7 
21 775 775 105 4 -1 -2 1 
49 708 706 54 -7 -8 -2 -12 
25 609 591 31 -8 -7 -2 1 
-18 19 -1 -11 -1 7 -4 13 
1 0 1 3 2 4 1 -5 
-3 6 15 2 7 1 -12 -3 
1 1 1 1 1 1 1 1 1 1 
776 597 1178
4 25 43 8 2 -9 0 2 
17 456 649 94 -6 -4 0 -1 
29 558 776 101 10 2 -5 0 
42 708 721 56 9 4 1 4 
29 621 593 29 1 -4 -1 -2 
14 16 1 -2 6 -6 7 8 
0 12 -2 11 1 -7 -6 -5 
-2 -7 -1 1 1 6 -6 6 
2 2 2 1 1 1 1 1 1 1 
753 597 1178
11 11 58 9 0 9 -10 7 
14 459 651 83 4 5 2 4 
9 753 753 104 5 -4 3 -7 
56 713 709 54 -2 -2 9 -10 
25 633 607 24 1 2 1 -9 
-16 23 21 -2 -7 0 5 -4 
6 2 0 6 -3 -4 0 -7 
3 5 17 2 6 4 7 1 
1 1 1 1 1 1 1 1 1 1 
767 597 1178
16 24 41 4 6 -3 0 -3 
4 467 651 85 -4 -3 -2 -7 
12 555 767 99 12 12 -15 4 
46 715 724 55 0 11 -6 -2 
21 618 576 30 12 1 -1 -9 
19 8 7 -13 3 3 1 10 
11 9 5 1 7 -5 1 -6 
2 -4 3 -2 4 -3 5 9 
2 2 2 1 1 1 1 1 1 1 
761 597 1178
22 13 27 4 0 -5 5 12 
10 449 651 83 0 -3 -1 -4 
13 761 761 103 6 1 1 -12 
55 700 695 50 -6 11 4 -3 
23 622 603 22 10 -5 5 -2 
8 5 0 -12 -7 13 -11 22 
1 5 1 3 -9 -1 -6 -9 
3 -14 3 -4 5 3 -10 3 
1 1 1 1 1 1 1 1 1 1 
749 597 1178
9 5 35 9 8 -4 -6 -5 
14 449 663 91 15 4 3 -1 
15 541 749 108 6 3 -3 0 
45 689 700 52 3 0 8 -7 
30 614 613 27 -4 -5 11 -10 
-5 23 17 -4 -2 4 3 6 
12 -3 -1 16 -2 4 3 -1 
15 4 13 2 -4 -6 4 0 
1 1 1 1 1 1 1 1 1 1 
768 597 1178
22 16 38 7 1 7 -2 -7 
18 460 642 79 2 5 1 -13 
17 559 768 89 6 -1 -8 -4 
43 702 703 57 4 -2 -1 -8 
28 643 630 28 6 2 -1 0 
6 20 23 -6 -2 3 -3 17 
-1 4 -1 7 -1 6 1 8 
-2 -10 16 -1 0 3 -4 5 
1 1 1 1 1 1 1 1 1 1 
775 597 1178
13 22 33 2 -4 -3 4 0 
9 465 648 79 3 -2 7 3 
20 548 775 110 7 2 6 -14 
52 677 695 57 13 5 4 1 
29 637 612 15 -3 -6 1 -7 
-6 26 11 -3 4 10 -1 0 
11 6 3 6 2 14 -6 0 
5 -5 -1 -3 -6 -3 6 7 
2 2 2 1 1 1 1 1 1 1 
770 597 1178
3 26 47 5 10 -7 -6 -2 
16 454 652 86 -2 0 2 -4 
10 770 770 89 4 -7 5 0 
35 690 690 39 4 1 3 -4 
27 640 615 28 -4 -1 2 0 
-16 28 17 -10 -3 9 -3 -6 
2 0 8 10 1 7 5 7 
-3 -2 13 -4 -3 1 -5 11 
1 1 1 1 1 1 1 1 1 1 
769 597 1178
-5 5 14 -4 7 -7 1 -2 
13 460 646 74 7 -7 5 -4 
20 551 769 101 6 -1 -3 0 
49 671 679 56 9 5 4 -9 
31 658 647 27 3 6 1 -5 
7 18 10 -6 7 10 6 3 
7 3 -1 18 -11 -9 -10 2 
3 4 17 -1 2 2 -3 3 
2 2 2 1 1 1 1 1 1 1 
768 597 1178
14 16 34 -1 8 0 -1 2 
13 457 657 90 12 1 -4 -9 
21 768 768 100 8 9 -3 -15 
46 671 665 48 0 1 2 -6 
46 669 638 30 -4 -5 -9 7 
-11 24 19 -11 6 -5 -7 4 
-1 -6 0 2 -1 5 0 -3 
0 2 16 -6 -9 -10 -3 4 
1 1 1 1 1 1 1 1 1 1 
747 597 1178
20 36 59 5 -3 3 -3 -4 
12 451 660 79 3 -1 4 8 
16 550 747 95 6 3 8 -1 
50 681 693 45 1 3 4 2 
42 663 645 28 -9 3 8 -5 
-11 29 20 -8 -5 1 0 7 
5 7 13 -4 -13 4 6 4 
-1 7 -7 -3 -6 4 -9 2 
2 2 2 1 1 1 1 1 1 1 
774 597 1178
13 29 39 -13 -3 -6 -11 -1 
15 459 653 89 9 9 -3 10 
14 774 774 110 11 0 0 1 
44 664 660 50 3 7 -7 5 
34 649 627 18 -7 4 10 -2 
-12 37 30 -8 -5 -4 4 18 
16 1 -5 -4 -3 -8 7 2 
10 -10 7 -2 6 -9 -16 -1 
2 2 2 2 2 2 1 1 1 1 
545 597 1178
5 25 46 -6 -7 1 1 2 
11 452 644 88 2 -6 7 -4 
11 545 755 97 -1 8 -3 -8 
48 663 668 41 8 8 1 2 
26 676 650 39 3 -5 2 -6 
-13 30 15 -12 -1 14 -1 6 
4 14 11 0 -9 -9 5 0 
2 1 2 0 -4 2 2 5 
2 2 2 2 2 2 1 1 1 1 
562 597 1178
11 19 26 1 0 -5 7 -4 
13 460 649 85 10 2 -4 -7 
17 562 776 99 7 1 -3 3 
49 650 659 41 -5 7 0 3 
27 675 645 22 -3 -2 9 -3 
-5 30 18 -9 3 -6 1 4 
-4 -6 -2 11 -11 3 -3 -2 
-4 -5 2 -4 -4 -4 2 6 
2 2 2 2 2 2 1 1 1 1 
547 597 1178
18 18 54 10 2 -3 6 4 
9 458 642 86 0 2 -3 2 
13 547 769 97 10 5 0 -9 
43 652 664 42 1 -1 6 3 
39 670 652 33 -2 1 2 4 
-15 25 22 -12 4 3 -10 -4 
9 6 -9 15 -6 8 7 -2 
1 3 10 8 -5 -5 -1 -1 
2 2 2 2 2 2 2 2 2 2 
761 597 1178
684 675 1170
6 48 52 -4 0 -9 0 1 
14 472 664 94 7 3 10 -8 
12 562 761 109 9 1 0 -4 
40 655 654 51 -1 2 0 1 
35 684 664 32 -5 1 0 -12 
-14 22 23 -3 11 -2 -2 6 
-3 1 2 14 5 -3 3 -3 
0 -9 11 2 -13 -5 0 -1 
2 2 2 2 2 2 2 2 2 2 
751 597 1178
698 675 1170
0 43 51 22 -5 -1 -6 9 
13 445 624 94 -4 0 2 -14 
9 538 751 102 9 -5 -1 9 
41 624 631 43 8 1 -4 4 
32 698 679 29 -4 -10 3 -3 
-17 25 22 5 4 3 -1 8 
-1 -11 5 14 6 2 2 -6 
4 -4 14 4 3 -4 -3 1 
2 2 2 2 2 2 2 2 2 2 
756 597 1178
714 675 1170
17 29 43 8 6 -5 3 -2 
19 465 646 93 10 -2 2 -4 
17 545 756 100 8 -1 1 -9 
49 639 644 55 -1 6 -1 -11 
39 714 680 39 -5 -3 1 0 
6 23 10 3 -6 -1 5 3 
10 -3 1 6 -1 0 1 2 
0 1 9 -3 -6 -2 -3 5 
2 2 2 2 2 2 2 2 2 2 
757 597 1178
696 675 1170
11 19 37 4 9 7 -3 -1 
10 447 626 78 6 -6 -6 4 
10 547 757 90 6 -3 3 8 
42 630 640 38 -1 5 -9 2 
40 696 687 29 2 -2 4 4 
-12 23 1 -2 2 -3 0 2 
3 3 3 9 7 -5 7 0 
-2 -14 -10 -5 -1 13 -13 0 
2 2 2 2 2 2 2 2 2 2 
762 597 1178
691 675 1170
1 22 34 22 -1 -12 4 5 
3 450 648 84 0 -2 0 3 
19 542 762 91 2 -5 1 -1 
33 617 635 36 6 14 -1 -11 
27 691 677 30 9 -6 0 6 
-13 34 40 -5 0 7 3 4 
8 1 -9 14 -4 2 -9 1 
-4 3 19 14 -2 -11 -8 5 
2 2 2 2 2 2 2 2 2 2 
775 597 1178
712 675 1170
6 13 31 3 -1 2 0 7 
16 469 648 97 -5 0 2 5 
18 554 775 101 -1 2 0 16 
41 610 619 26 -1 -1 -5 -6 
30 712 681 22 7 -3 -1 5 
2 25 30 8 -1 9 -1 7 
8 -5 1 11 -6 -3 1 -7 
-1 -4 -1 -3 -5 6 0 1 
2 2 2 2 2 2 2 2 2 2 
750 588 1184
701 675 1170
8 22 40 6 1 -6 -7 9 
19 452 644 74 3 -13 -5 -2 
24 550 750 104 0 -5 6 5 
39 607 607 38 -4 8 6 8 
37 701 675 32 -2 -10 7 -8 
14 39 36 0 0 5 -4 7 
2 1 -7 2 7 0 -3 -8 
6 -2 16 11 2 -6 -5 4 
2 2 2 2 2 2 2 2 2 2 
747 588 1184
714 675 1170
20 26 43 0 8 1 -5 1 
12 434 633 86 8 2 4 -5 
27 534 747 94 7 3 0 -15 
44 616 626 55 8 -5 11 -10 
40 714 680 27 -12 4 7 -5 
-7 51 28 -9 -2 -6 5 1 
0 6 9 11 3 3 -3 -9 
14 -3 -2 6 5 -5 -6 -3 
2 2 2 2 2 2 2 2 2 2 
759 588 1184
691 675 1170
13 19 44 11 -4 -4 -6 -5 
19 444 623 73 10 0 6 -2 
13 545 759 88 8 5 6 -4 
52 604 593 43 -5 1 0 9 
40 691 664 33 -1 -4 -8 2 
-16 35 23 -15 -2 11 -3 10 
8 18 10 12 -5 5 14 -3 
4 -12 0 6 -3 3 -3 1 
0 0 0 0 0 0 0 2 2 2 
276 588 1184
209 675 1170
0 18 26 7 5 0 0 -12 
6 174 242 38 5 -7 1 3 
2 194 276 51 -1 2 -11 -5 
20 205 218 26 6 -8 -1 -8 
20 209 208 6 7 4 -5 -5 
-15 22 10 -12 4 5 3 14 
5 10 10 4 -8 -1 -5 4 
10 -2 2 -5 1 7 -8 -1 



******************

2 2 2 2 2 2 2 2 2 2 
920 500 1213
789 600 1401
8 58 424 205 6 10 6 0 
1 179 920 495 34 88 15 -5 
0 3 225 93 231 789 274 3 
-3 5 21 8 163 628 191 6 
-3 4 11 1 8 22 9 -4 
-16 -6 4 -5 6 -9 1 -17 
3 21 2 -3 1 8 8 23 
5 3 1 -9 -6 -21 0 -6 
2 2 2 2 2 2 2 2 2 2 
905 500 1213
821 600 1401
7 73 432 214 7 4 -4 -6 
16 177 905 482 37 89 21 0 
-1 13 213 83 255 821 291 25 
2 -5 15 2 152 640 201 9 
12 -7 18 0 14 27 17 -5 
7 5 5 -7 3 0 -1 0 
1 13 5 1 -1 9 3 17 
-5 8 0 -6 7 -1 -8 10 
2 2 2 2 2 2 2 2 2 2 
905 500 1213
820 600 1401
9 60 430 199 7 5 12 -8 
10 185 905 481 33 99 14 -1 
10 29 222 97 253 820 288 10 
-2 -3 4 5 157 632 193 -5 
-2 -2 9 -3 10 23 18 1 
-2 7 -4 3 -3 0 -1 -7 
0 -3 1 3 7 10 2 4 
-1 -6 12 5 13 4 -9 -4 
2 2 2 2 2 2 2 2 2 2 
902 500 1213
821 600 1401
7 65 425 215 12 14 1 -4 
20 178 902 486 26 88 26 -2 
13 25 224 101 263 821 296 4 
-7 6 6 -4 155 643 196 2 
6 6 1 1 6 18 10 3 
10 4 1 0 -6 -5 0 3 
-3 4 -20 -7 0 -10 8 2 
2 4 9 2 6 7 -5 -2 
2 2 2 2 2 2 2 2 2 2 
897 500 1213
834 600 1401
4 56 423 212 8 7 2 5 
15 175 897 475 23 87 17 -3 
1 31 231 100 246 834 303 25 
13 -6 12 16 167 648 203 -1 
2 -3 12 4 8 27 13 13 
1 2 7 2 12 17 -2 -2 
8 26 -6 2 9 -2 1 2 
6 5 -3 9 0 4 -3 2 
2 2 2 2 2 2 2 2 2 2 
914 500 1213
818 600 1401
0 63 410 208 5 4 6 0 
14 178 914 486 37 100 6 -13 
13 31 227 95 250 818 287 11 
-3 3 19 10 152 647 202 -2 
1 1 -6 -2 11 19 5 2 
2 4 1 7 6 2 1 -6 
-4 -7 -3 0 0 3 -3 0 
-12 1 10 -5 0 -9 -5 11 
2 2 2 2 2 2 2 2 2 2 
904 500 1213
821 600 1401
4 53 421 198 0 -5 0 -4 
18 185 904 495 32 99 19 10 
11 26 216 97 247 821 298 16 
9 0 22 9 157 652 204 8 
1 -4 7 4 6 30 13 4 
3 9 4 6 -6 0 4 -1 
7 11 -8 -9 6 -2 6 18 
7 1 15 8 9 2 -11 15 
2 2 2 2 2 2 2 2 2 2 
905 500 1213
826 600 1401
1 67 410 208 1 -3 5 1 
18 181 905 484 29 86 19 5 
6 27 218 89 244 826 297 18 
14 1 15 21 163 645 207 11 
4 -3 -1 -6 7 23 13 -3 
0 -6 -1 7 -3 7 0 -1 
2 7 9 -14 -3 17 -1 4 
11 -3 13 1 -7 10 -6 1 
2 2 2 2 2 2 2 2 2 2 
910 500 1213
815 600 1401
-1 60 417 206 7 1 0 9 
23 182 910 480 30 91 16 9 
11 29 219 85 252 815 288 11 
-1 0 -2 8 151 655 210 -10 
3 8 15 3 16 24 14 5 
-2 5 2 6 0 5 2 5 
-4 11 -3 9 -3 -3 2 11 
-3 1 10 9 9 -11 -4 11 
2 2 2 2 2 2 2 2 2 2 
911 500 1213
819 600 1401
10 66 430 206 5 5 -4 2 
5 178 911 486 34 89 18 -7 
10 33 223 96 253 819 294 8 
0 1 21 19 165 657 196 -2 
0 0 -4 -2 8 23 14 -1 
-10 0 -2 0 7 7 -1 -1 
9 7 -8 -8 4 1 -3 -2 
-2 -4 8 -8 -3 11 -8 6 
2 2 2 2 2 2 2 2 2 2 
902 500 1213
813 600 1401
14 74 418 213 16 5 1 -1 
9 185 902 488 37 81 20 -5 
5 27 224 102 258 813 299 10 
3 10 13 15 154 646 199 18 
-5 2 2 1 11 44 15 -1 
-5 7 -3 -3 2 3 6 -2 
5 5 -2 3 2 6 7 -5 
4 2 17 3 10 6 -8 8 
2 2 2 2 2 2 2 2 2 2 
913 500 1213
825 600 1401
3 66 422 199 19 -1 -2 4 
8 174 913 480 23 81 9 -6 
17 22 223 102 248 825 297 21 
0 -3 11 2 148 634 199 20 
4 -3 6 0 8 26 12 13 
1 3 4 8 10 2 13 -10 
10 7 -5 -5 1 6 9 13 
-4 -1 23 8 7 3 6 8 
2 2 2 2 2 2 2 2 2 2 
915 500 1213
818 600 1401
13 55 427 205 15 3 -3 -5 
8 173 915 482 33 88 18 1 
-1 25 231 92 247 818 304 6 
5 -1 10 10 152 633 212 12 
-4 -2 6 4 8 25 -1 9 
3 5 0 6 8 3 18 -5 
0 10 -2 1 0 1 6 -10 
-8 9 19 -7 2 3 -4 5 
2 2 2 2 2 2 2 2 2 2 
912 500 1213
815 600 1401
12 71 437 204 17 3 -1 -3 
16 174 912 481 31 84 19 12 
4 33 224 91 254 815 299 17 
1 -5 14 19 155 642 202 2 
-2 -3 1 -2 9 15 15 -4 
-7 6 -1 3 0 5 -2 9 
11 10 -1 -8 16 10 -3 0 
-1 3 5 -6 -1 -5 0 0 
2 2 2 2 2 2 2 2 2 2 
895 500 1213
830 600 1401
2 66 421 194 18 5 0 6 
7 174 895 479 42 75 14 -5 
4 27 228 91 248 830 305 16 
-1 -4 15 -2 159 644 194 4 
0 0 6 -4 7 25 8 2 
0 9 -1 -11 -1 1 -6 -5 
-5 13 -17 -16 0 -16 0 11 
-2 -2 10 -11 11 0 -3 5 
2 2 2 2 2 2 2 2 2 2 
906 500 1213
816 600 1401
5 58 421 206 11 3 -3 0 
11 190 906 481 38 87 25 7 
14 26 225 98 253 816 292 0 
6 2 10 12 165 644 206 5 
-2 -5 1 -4 7 37 19 1 
-4 8 4 -4 -2 17 5 -8 
0 10 -7 -6 1 -7 -2 10 
4 1 15 0 2 -13 1 14 
2 2 2 2 2 2 2 2 2 2 
907 500 1213
813 600 1401
0 67 431 212 13 13 0 8 
12 179 907 482 32 80 22 -5 
7 22 213 97 247 813 296 7 
0 -3 6 2 160 647 199 13 
12 -8 14 6 9 25 8 4 
3 1 -3 4 13 -1 7 -3 
-4 6 3 -2 10 15 -6 8 
-8 5 -1 -6 -3 -15 -5 17 
2 2 2 2 2 2 2 2 2 2 
903 500 1213
820 600 1401
9 59 425 205 -6 13 2 10 
14 174 903 489 35 90 18 -2 
6 27 212 96 246 820 296 2 
6 8 18 23 157 654 206 2 
-4 4 8 7 9 27 9 3 
8 -3 -7 5 -8 0 4 -4 
4 10 1 -2 -1 0 3 -5 
3 0 2 6 -7 -3 -5 2 
2 2 2 2 2 2 2 2 2 2 
909 500 1213
824 600 1401
4 61 432 211 17 18 6 -4 
12 183 909 487 32 86 21 2 
10 31 229 94 254 824 297 17 
2 6 19 11 155 639 203 13 
1 -1 -1 2 7 40 10 7 
2 -7 4 7 4 3 6 5 
-4 20 -5 5 0 -7 -12 -6 
4 -1 2 -5 -4 -4 -5 -7 
2 2 2 2 2 2 2 2 2 2 
913 500 1213
811 600 1401
-5 49 412 199 1 6 -4 -9 
8 187 913 492 31 87 16 2 
17 16 224 91 248 811 298 4 
-8 1 -3 10 159 643 194 9 
9 10 1 -2 2 27 10 -15 
-3 7 -2 -2 -1 2 2 6 
1 7 -8 -5 9 -4 4 4 
2 1 11 -3 5 -5 -3 -3 
2 2 2 2 2 2 2 2 2 2 
906 500 1213
818 600 1401
8 62 429 195 18 12 -5 -8 
7 175 906 486 33 86 21 6 
4 33 219 94 252 818 293 25 
-7 9 9 7 160 639 200 5 
2 1 9 -4 7 20 14 2 
4 6 13 3 6 14 10 -10 
7 5 8 -4 -4 4 -10 -4 
5 9 -2 0 4 -4 2 4 
2 2 2 2 2 2 2 2 2 2 
906 500 1213
812 600 1401
7 57 432 194 3 6 11 -3 
13 186 906 483 34 103 23 4 
5 29 213 89 251 812 290 19 
8 2 -1 -3 149 632 195 4 
2 -1 5 -1 0 21 14 -7 
11 -2 10 5 6 2 7 -1 
-9 11 -8 -12 1 5 -1 -7 
0 -6 17 -7 5 5 -2 2 
2 2 2 2 2 2 2 2 2 2 
915 500 1213
819 600 1401
8 51 421 186 6 -1 5 -3 
10 182 915 490 33 88 22 -1 
-5 29 228 93 258 819 298 11 
-8 0 14 17 162 640 205 4 
0 8 1 8 10 27 18 0 
2 1 -2 0 -4 6 0 0 
-2 17 6 -5 -2 8 -1 -1 
1 2 -3 -8 3 -7 -7 -2 
2 2 2 2 2 2 2 2 2 2 
919 500 1213
819 600 1401
1 57 441 216 14 13 12 -4 
17 187 919 487 36 94 8 8 
7 30 218 93 260 819 293 20 
2 4 16 12 161 637 194 7 
2 8 -4 -2 5 32 10 4 
-7 9 12 -1 2 7 3 12 
-1 16 2 19 3 10 1 7 
-3 1 7 -6 8 -2 1 14 
2 2 2 2 2 2 2 2 2 2 
897 500 1213
822 600 1401
14 56 432 216 15 -2 -2 0 
20 169 897 479 38 89 22 1 
22 31 211 104 273 822 273 5 
10 14 21 20 184 639 174 12 
6 -3 -2 -1 0 26 13 -1 
-9 3 10 3 8 8 0 -6 
10 10 2 -5 -2 4 5 3 
11 -7 7 4 14 0 0 15 
2 2 2 2 2 2 2 2 2 2 
892 500 1213
830 600 1401
8 68 422 208 5 2 -3 3 
7 174 892 480 40 88 17 7 
14 25 217 90 345 830 238 6 
7 5 9 -2 186 586 133 -2 
-5 -8 -1 -11 6 31 10 2 
-1 4 9 14 6 8 4 9 
1 1 -6 -13 2 -5 -1 10 
-3 7 11 2 14 -7 -4 7 
2 2 2 2 2 2 2 2 2 2 
917 500 1213
833 600 1401
-5 59 416 210 -3 4 6 -4 
27 172 917 505 50 117 21 9 
14 28 218 101 403 833 204 0 
-3 0 11 14 216 563 118 7 
1 -2 -4 -6 3 8 9 -4 
0 5 6 5 -8 9 0 0 
0 5 -7 4 5 -10 -4 13 
5 -7 -3 -8 9 -9 -2 8 
2 2 2 2 2 2 2 2 2 2 
915 500 1213
831 600 1401
7 71 430 214 13 12 -8 2 
2 190 915 496 55 125 14 -7 
1 32 225 101 440 831 185 5 
3 4 9 3 224 542 94 -3 
3 5 5 2 15 22 7 7 
-4 3 -1 -11 8 -6 -2 1 
3 11 8 6 7 -2 -3 13 
4 8 7 -1 9 -3 -2 24 
2 2 2 2 2 2 2 2 2 2 
899 500 1213
826 600 1401
4 70 415 209 11 4 1 -6 
16 181 899 495 58 123 13 9 
4 26 221 112 470 826 177 17 
1 1 12 6 229 542 94 -9 
-7 -6 -2 -3 5 10 8 -6 
-4 4 14 1 5 7 4 -3 
-2 7 -1 4 3 -2 -6 9 
-9 -3 -3 -12 11 -4 -12 9 
2 2 2 2 2 2 2 2 2 2 
916 500 1213
827 600 1401
-1 58 431 206 5 13 10 -2 
7 172 916 494 66 130 11 4 
19 21 227 106 460 827 174 -2 
8 2 9 7 226 531 87 -2 
-3 0 5 -3 6 22 6 16 
-5 3 -10 1 -2 -1 0 0 
7 11 -6 -7 -2 2 9 -4 
-6 -11 6 4 5 2 -2 13 
2 2 2 2 2 2 2 2 2 2 
894 500 1213
811 600 1401
4 59 426 210 17 3 4 3 
9 179 894 478 62 120 17 -2 
9 29 203 98 466 811 167 -2 
10 5 7 13 230 531 88 -2 
0 -3 8 10 19 26 3 1 
9 -2 -11 2 8 2 4 -2 
-5 7 -6 -6 4 -5 1 -4 
2 6 14 8 6 10 -4 7 
2 2 2 2 2 2 2 2 2 2 
900 500 1213
825 600 1401
1 60 415 203 2 0 -10 -2 
13 170 900 488 57 121 12 1 
17 31 218 108 478 825 177 -1 
-1 -1 13 21 233 520 81 11 
4 -3 15 -8 11 20 3 -2 
-2 7 0 -3 -9 5 -8 -1 
-5 11 -11 -5 -5 -11 -8 -3 
6 10 30 -1 9 11 1 9 
2 2 2 2 2 2 2 2 2 2 
907 500 1213
819 600 1401
4 63 422 212 8 3 -3 0 
9 187 907 483 55 144 15 5 
10 21 219 109 491 819 162 7 
9 -6 19 11 239 520 78 -8 
1 -4 19 -3 -4 21 8 -3 
-6 8 0 0 -7 4 2 -4 
8 15 2 7 -3 9 -1 0 
-4 7 -5 -1 -6 2 -6 -4 
2 2 2 2 2 2 2 2 2 2 
910 500 1213
810 600 1401
9 64 431 207 9 9 1 -3 
12 173 910 480 80 141 14 17 
6 21 226 111 569 810 141 5 
2 5 24 17 254 474 60 -6 
0 4 4 -1 10 13 5 6 
1 4 -3 3 3 16 2 8 
-13 6 2 -1 0 6 -2 7 
4 -3 -6 0 2 -6 -5 8 
2 2 2 2 2 2 2 2 2 2 
916 500 1213
788 600 1401
7 61 428 206 15 1 -4 -10 
12 172 916 499 106 154 22 11 
14 20 207 110 623 788 103 16 
2 -6 11 28 275 447 34 2 
2 5 12 8 19 8 -3 -3 
-10 0 9 -9 1 10 4 -6 
5 9 -2 -4 0 4 9 -5 
4 8 13 10 5 -8 -9 6 
2 2 2 2 2 2 2 2 2 2 
920 500 1213
778 600 1401
4 66 431 214 6 7 0 3 
9 182 920 491 109 161 10 -1 
4 34 230 121 676 778 97 3 
2 4 19 19 274 384 28 -7 
-7 4 18 -6 14 20 -7 6 
1 4 9 -2 2 13 6 -10 
-10 9 1 -4 1 2 -2 7 
-13 -1 -4 -5 4 -8 -14 10 
2 2 2 2 2 2 2 2 2 2 
914 500 1213
767 600 1401
8 63 427 208 -1 13 2 -5 
17 176 914 486 127 171 -2 1 
8 24 220 124 688 767 87 -6 
-1 1 6 20 285 383 24 -1 
-6 0 -5 -4 5 7 -7 -10 
-8 5 7 7 14 15 6 1 
-2 9 5 -6 3 -2 4 5 
1 -5 19 -6 -2 -7 -3 8 
2 2 2 2 2 2 2 2 2 2 
908 500 1213
760 600 1401
4 54 424 206 -2 7 3 -5 
10 181 908 498 133 156 16 -3 
6 36 225 123 696 760 92 3 
11 0 6 20 288 373 22 -1 
5 0 -5 -13 4 5 4 -5 
2 8 6 -6 4 6 5 3 
-4 11 -12 -11 1 -1 -5 1 
6 6 -5 0 8 -3 8 -3 
2 2 2 2 2 2 2 2 2 2 
904 500 1213
767 595 1388
11 56 429 221 10 25 -4 -6 
20 179 904 488 130 166 5 -3 
19 23 217 112 700 767 85 9 
1 1 5 11 285 370 32 -8 
-4 3 5 0 23 21 5 8 
-1 -7 -9 -1 3 7 0 2 
3 3 -8 -6 -3 0 -6 10 
13 0 -5 -9 6 6 2 17 
2 2 2 2 2 2 2 2 2 2 
899 500 1213
768 595 1388
15 59 428 200 15 8 0 7 
11 184 899 493 120 160 2 -3 
5 25 213 125 693 768 88 4 
14 8 15 10 288 380 27 -8 
0 -3 15 12 18 16 10 6 
-8 4 9 -3 -1 11 3 3 
8 6 6 7 2 3 1 -21 
2 -3 13 8 7 1 -12 11 
2 2 2 2 2 2 2 2 2 2 
899 500 1213
752 595 1388
3 55 400 207 -1 -4 4 -6 
7 169 899 477 128 149 5 -5 
12 24 209 116 716 752 79 -6 
2 1 12 24 291 373 19 -9 
6 11 8 17 11 17 -3 6 
8 3 5 10 8 5 -2 3 
-2 17 0 -1 3 -5 -3 9 
-1 2 16 -1 11 0 -6 11 
2 2 2 2 2 2 2 2 2 2 
901 500 1213
764 595 1388
5 52 429 221 17 13 -2 -4 
9 164 901 496 153 169 11 4 
7 22 213 140 764 739 65 -4 
15 5 12 18 298 335 24 -3 
0 4 -5 -6 9 8 -7 -2 
-7 0 -8 -3 2 -3 6 0 
2 10 -3 -16 -11 -1 -5 8 
-5 -1 5 -1 1 0 6 -3 
2 2 2 2 2 2 2 2 2 2 
908 500 1213
817 595 1388
14 48 432 210 20 7 1 3 
13 182 908 490 182 165 6 3 
-2 25 218 131 817 704 52 -15 
5 4 5 13 306 290 12 -2 
-3 3 10 -5 1 10 0 11 
-1 -4 4 4 2 0 2 -11 
-7 5 -9 8 -5 -1 -4 3 
1 1 9 6 7 1 -10 7 
2 2 2 2 2 2 2 2 2 2 
905 500 1213
843 595 1388
4 61 423 215 18 7 1 6 
13 178 905 500 210 159 6 2 
7 26 236 156 843 684 33 -3 
-4 -2 25 20 306 257 4 14 
-7 2 7 9 7 12 0 -4 
-1 8 1 9 4 7 14 14 
-1 7 -1 -7 5 -1 -7 -2 
-6 10 5 0 -9 17 -6 15 
2 2 2 2 2 2 2 2 2 2 
915 500 1213
852 590 1377
-8 60 424 207 25 13 -1 7 
20 181 915 502 224 164 2 7 
4 29 221 154 852 644 50 1 
-2 2 21 37 307 233 5 5 
3 -1 -2 -4 7 7 4 8 
-4 4 -4 -2 -5 5 12 11 
-2 3 -7 -1 6 -2 -3 2 
-7 4 22 6 23 11 -2 4 
2 2 2 2 2 2 2 2 2 2 
907 500 1213
863 590 1377
-3 58 429 208 13 15 -3 5 
14 186 907 511 235 177 -2 -5 
12 29 217 163 863 640 27 7 
7 -3 12 17 318 234 -4 5 
-1 7 0 0 -3 8 -3 6 
8 2 -4 -3 0 -2 -1 -4 
7 8 -2 -6 -7 3 -8 10 
1 4 7 3 9 4 -3 8 
2 2 2 2 2 2 2 2 2 2 
903 500 1213
875 590 1377
2 58 425 214 15 11 6 -2 
1 179 903 498 233 150 5 2 
9 37 222 163 875 639 36 6 
0 13 15 27 321 231 0 -4 
6 8 20 -1 9 13 4 -3 
-7 5 19 -4 -6 -5 -2 -8 
0 10 10 -9 7 4 -9 -4 
1 8 7 6 -7 -7 -8 19 
2 2 2 2 2 2 2 2 2 2 
898 500 1213
873 590 1377
0 62 426 212 11 8 3 0 
18 178 898 497 219 163 9 -9 
16 31 221 174 873 645 57 3 
-1 5 13 27 307 223 3 -15 
6 -8 -5 -5 11 5 -2 -7 
2 -1 1 8 10 0 0 6 
2 3 -4 1 -5 12 0 3 
2 8 10 -2 0 2 -15 8 
2 2 2 2 2 2 2 2 2 2 
906 500 1213
876 590 1377
5 58 427 194 12 7 2 5 
12 175 906 503 232 157 0 0 
5 26 229 171 876 631 26 5 
-3 1 12 14 309 217 -1 -17 
4 3 14 2 8 6 2 -3 
-8 -1 8 -4 1 9 -4 -5 
-4 12 -4 9 4 -1 1 -1 
-6 -6 11 8 6 6 -3 8 
2 2 2 2 2 2 2 2 2 2 
913 500 1213
884 590 1377
-2 58 419 206 16 15 -1 -13 
13 178 913 509 254 163 0 -3 
9 18 216 177 884 608 29 8 
3 4 19 39 323 198 0 -11 
-8 -6 4 -6 11 10 3 1 
-2 8 -2 9 3 1 3 6 
4 -3 -3 -8 2 0 10 8 
9 -8 5 4 18 -6 -2 0 
2 2 2 2 2 2 2 2 2 2 
901 500 1213
909 585 1367
2 57 417 202 -1 2 -5 7 
9 178 901 522 283 165 5 1 
9 20 224 191 909 553 37 -7 
10 -7 10 25 295 158 -2 -16 
4 7 -3 6 4 -3 -1 1 
-13 -3 -7 -6 -9 1 1 -3 
6 0 14 -4 20 6 4 -12 
4 4 11 -5 4 -4 2 9 
2 2 2 2 2 2 2 2 2 2 
906 500 1213
938 585 1367
2 52 420 206 10 3 1 2 
27 183 906 520 322 154 9 10 
8 23 233 240 938 517 23 -5 
-10 5 20 38 292 140 -6 2 
8 -2 8 4 19 14 6 -4 
4 13 -12 -9 -23 0 1 1 
1 16 -5 -4 4 -2 -4 -2 
1 5 8 -2 10 0 2 2 
2 2 2 2 2 2 2 2 2 2 
908 500 1213
947 585 1367
3 55 432 220 17 16 -1 -3 
12 178 908 510 326 142 -3 -3 
11 32 236 259 947 478 26 -6 
-1 3 15 33 282 115 -3 -15 
0 8 5 15 21 1 1 -3 
5 6 2 1 3 5 -3 2 
-3 6 9 -4 0 -3 -4 6 
-12 4 2 -8 3 -5 -6 10 
2 2 2 2 2 2 2 2 2 2 
908 500 1213
941 585 1367
1 57 419 220 8 6 5 -3 
26 181 908 534 363 148 -2 -2 
14 30 220 265 941 464 23 -2 
7 -4 31 45 286 108 -7 -6 
-9 -4 21 7 18 1 -3 5 
-5 5 10 8 6 12 -13 -4 
1 4 -5 -4 3 3 6 -1 
-2 15 4 -9 3 5 -2 4 
2 2 2 2 2 2 2 2 2 2 
900 500 1213
935 585 1367
1 62 432 205 10 0 -4 -6 
18 186 900 525 356 145 3 5 
2 25 224 278 935 469 18 -3 
9 2 13 41 286 107 2 -2 
-2 3 8 -7 7 15 -6 -10 
-15 11 3 -2 0 6 0 7 
4 13 -12 -13 3 -1 7 7 
-1 10 -2 -9 4 -12 -3 5 
2 2 2 2 2 2 2 2 2 2 
894 500 1213
927 580 1357
4 57 437 207 19 9 1 -9 
10 173 894 522 346 142 1 -2 
8 28 216 263 927 464 22 -7 
11 0 13 49 272 109 -7 -6 
3 -3 15 5 24 15 -3 -17 
5 6 -7 -4 0 7 5 -5 
4 7 2 12 8 12 -3 -4 
-1 5 -4 3 5 -1 -3 6 
2 2 2 2 2 2 2 2 2 2 
910 500 1213
937 580 1357
-2 62 428 219 25 14 -1 -9 
14 173 910 534 367 140 0 -14 
6 22 228 267 937 458 16 -14 
5 0 20 32 274 98 -12 -16 
3 -6 5 -3 7 7 -9 1 
-4 8 -1 -9 -10 8 -6 -12 
3 -6 -5 -12 -12 -3 -2 -5 
-1 2 7 -5 12 -4 -8 11 
2 2 2 2 2 2 2 2 2 2 
911 500 1213
935 580 1357
6 64 422 217 29 17 3 10 
16 177 911 537 383 142 9 3 
4 23 224 287 935 435 16 -5 
0 2 8 40 262 90 -12 -8 
1 -4 13 0 2 -2 1 -6 
-2 8 -6 6 7 -3 1 -5 
4 10 -2 -5 11 -1 -8 -6 
6 -1 6 -5 2 -6 -1 17 
2 2 2 2 2 2 2 2 2 2 
905 500 1213
928 580 1357
7 63 423 209 28 -1 -1 1 
11 174 905 541 385 129 -2 8 
15 32 229 321 928 398 11 -1 
-9 -2 12 49 256 59 -10 -12 
-3 1 6 7 5 0 0 4 
3 7 4 -8 -2 -4 -2 3 
-2 9 3 3 1 0 -1 18 
7 -4 13 0 4 -4 0 2 
2 2 2 2 2 2 2 2 2 2 
907 500 1213
925 580 1357
3 59 422 219 20 3 3 5 
12 180 907 558 420 113 0 -4 
10 32 234 392 925 333 13 0 
0 8 27 54 238 56 -4 0 
-1 10 9 5 3 -2 -9 -8 
-1 5 0 3 5 -1 1 6 
0 2 -5 -6 0 3 5 8 
0 2 4 3 -6 -9 2 6 
2 2 2 2 2 2 2 2 2 2 
911 500 1213
924 580 1357
-2 56 423 208 19 1 7 -9 
24 174 911 575 432 102 2 8 
19 30 240 411 924 303 8 -1 
-3 5 14 43 227 34 -10 18 
-4 -6 11 3 8 8 2 -4 
-9 4 5 5 -1 2 4 8 
-3 10 -11 -3 -10 0 4 0 
-1 -5 3 -5 8 6 -7 -1 
2 2 2 2 2 2 2 2 2 2 
912 500 1213
921 576 1348
9 64 424 203 8 -2 1 0 
10 186 912 575 446 103 0 0 
3 31 237 427 921 273 9 -4 
10 5 9 57 216 31 -3 -6 
1 12 11 20 12 -7 -3 -5 
-1 4 -8 -4 -6 -7 -3 -2 
-5 11 7 -10 -4 -3 -2 -3 
-13 2 10 10 3 -5 8 3 
2 2 2 2 2 2 2 2 2 2 
915 500 1213
915 576 1348
-1 63 434 215 31 -8 1 -3 
20 180 915 595 444 109 1 -1 
6 38 236 442 915 278 8 -3 
-1 3 12 50 202 29 -9 1 
-2 3 -7 -7 16 5 -4 -6 
0 12 14 0 4 9 -4 3 
3 7 -14 11 13 3 -9 1 
-5 -6 7 -2 9 -3 -6 14 
2 2 2 2 2 2 2 2 2 2 
911 500 1213
919 576 1348
4 56 438 227 23 9 4 6 
17 187 911 595 447 99 -4 5 
3 33 228 440 919 279 7 3 
6 7 15 63 226 40 -22 -4 
1 -1 2 4 7 4 -6 0 
1 4 -5 -4 4 -1 -7 2 
-4 8 -9 -11 3 -3 5 2 
-6 12 -2 -12 4 -1 -5 3 
2 2 2 2 2 2 2 2 2 2 
915 500 1213
924 576 1348
3 67 427 212 14 2 -8 -10 
30 176 915 580 451 109 -1 5 
8 32 232 439 924 285 18 2 
-8 -2 -2 42 199 32 -10 -9 
5 1 1 0 -2 -8 0 3 
0 2 7 4 0 -2 3 9 
-1 2 -13 -10 -10 -2 6 7 
2 8 4 -1 7 6 -13 15 
2 2 2 2 2 2 2 2 2 2 
911 500 1213
916 576 1348
10 61 432 210 19 8 -3 -1 
12 181 911 594 456 95 -3 -5 
5 37 251 468 916 256 1 1 
7 3 13 61 203 29 -9 3 
-2 -4 -2 10 9 0 -3 6 
-4 2 -1 -14 -3 3 -7 3 
6 13 -6 -7 -9 -10 -1 -2 
-8 -1 5 -6 6 3 -15 14 
2 2 2 2 2 2 2 2 2 2 
916 500 1213
891 576 1348
10 59 414 207 31 5 -2 1 
15 176 916 619 470 90 -11 -6 
11 31 233 492 891 217 11 4 
1 5 16 53 191 18 14 -5 
4 0 17 -4 7 -2 1 0 
2 5 -7 7 -3 3 -5 4 
0 14 2 -13 5 -4 -8 1 
0 1 17 9 13 -2 -10 -3 
2 2 2 2 2 2 2 2 2 2 
912 500 1213
865 573 1341
11 57 423 212 29 3 -3 -2 
19 181 912 642 483 80 3 -1 
9 21 223 543 865 189 5 -5 
-3 4 18 56 158 7 -4 18 
-1 11 1 -1 0 -4 4 10 
-10 2 3 -5 -3 2 -8 8 
2 12 -2 -9 7 -10 -6 4 
-5 1 10 -11 0 0 1 9 
2 2 2 2 2 2 2 2 2 2 
905 501 1220
832 573 1341
1 53 412 212 13 1 -9 -1 
9 178 905 676 469 48 0 -7 
6 36 231 572 832 153 8 -4 
5 1 17 57 133 4 3 2 
-5 -2 23 16 12 -1 -1 8 
6 11 8 6 12 -8 -2 0 
-5 4 -4 -18 3 -3 6 2 
5 2 5 -1 -2 0 -2 4 
2 2 2 2 2 2 2 2 2 2 
906 501 1220
827 569 1334
8 64 423 215 22 5 -8 1 
19 187 906 676 467 55 8 2 
8 33 235 595 827 137 8 -7 
9 5 19 65 125 0 -13 -13 
-6 7 15 6 14 -10 -6 5 
8 11 8 2 11 -6 4 -8 
-1 15 6 13 -4 5 3 -1 
-3 -1 4 0 -3 -7 -1 1 
2 2 2 2 2 2 2 2 2 2 
900 501 1220
820 569 1334
17 50 424 213 31 3 6 -5 
9 184 900 690 483 76 6 0 
16 31 235 616 820 138 11 -2 
-5 3 19 70 133 3 -11 -20 
1 1 10 -1 5 -6 -4 6 
-5 3 3 11 -4 -5 -2 8 
10 8 2 -3 -3 -8 7 -3 
-6 12 7 -5 -8 1 -7 16 
2 2 2 2 2 2 2 2 2 2 
908 501 1220
815 564 1326
7 64 423 217 18 7 3 6 
4 188 908 688 486 61 8 -4 
4 30 230 598 815 138 6 -11 
0 9 29 73 135 10 -9 -8 
-5 4 4 -5 -2 -8 4 -3 
-13 7 -6 -20 -12 -5 -6 5 
-6 17 7 9 3 14 8 7 
3 1 5 -5 5 -5 -5 16 
2 2 2 2 2 2 2 2 2 2 
914 501 1220
827 564 1326
1 61 425 220 28 6 -4 -1 
20 174 914 696 469 72 -3 5 
1 26 235 611 827 129 17 -12 
7 -4 20 77 131 5 -6 6 
2 0 12 -2 -6 -7 4 8 
2 3 -1 1 5 -4 0 -9 
4 7 4 -5 0 -7 -2 4 
2 7 8 0 -2 4 -6 9 
2 2 2 2 2 2 2 2 2 2 
912 501 1220
818 560 1320
10 53 418 214 26 -4 -3 3 
2 181 912 689 478 65 -3 -2 
24 30 232 612 818 133 1 -3 
5 14 20 70 124 5 -14 -6 
5 3 3 12 5 2 -3 8 
-9 6 3 17 8 3 7 -5 
-4 13 -9 3 0 -6 9 2 
-5 8 6 -1 2 -8 -7 2 
2 2 2 2 2 2 2 2 2 2 
907 501 1220
792 560 1320
-3 54 424 211 26 1 0 -4 
16 176 907 707 478 51 -6 7 
5 26 236 640 792 116 -5 0 
4 7 29 74 116 -7 -7 -3 
0 3 18 12 9 -8 -6 -5 
3 -3 9 -5 3 -6 1 -9 
10 4 9 6 7 3 1 5 
0 -3 11 -8 -5 -6 -4 5 
2 2 2 2 2 2 2 2 2 2 
914 501 1220
754 560 1320
3 59 412 213 24 6 2 -2 
24 183 914 733 471 43 -13 -5 
11 29 241 674 754 78 7 -6 
6 -1 12 68 87 -9 -15 -15 
5 -7 26 9 6 1 -5 -5 
-2 12 17 6 13 -1 -1 -2 
-4 2 -6 6 4 -2 10 -2 
-4 5 10 5 10 -6 -1 1 
2 2 2 1 1 1 1 1 1 1 
914 501 1220
710 557 1315
2 72 435 213 32 -4 2 -3 
20 183 914 914 468 41 -5 -9 
6 28 229 691 710 62 1 7 
3 2 15 47 65 -5 0 5 
1 7 9 -2 6 3 -1 -3 
-4 11 12 6 1 3 -7 -1 
-1 13 3 10 8 -3 0 -5 
6 3 20 3 21 0 -6 0 
1 1 1 1 1 1 1 1 1 1 
911 506 1228
19 74 432 211 16 3 -3 -4 
12 196 911 768 458 39 -1 -3 
14 22 219 679 665 48 1 -4 
2 3 16 56 61 13 -6 -7 
5 2 12 6 -1 7 -4 5 
2 8 3 -16 -8 -4 1 -6 
8 5 -10 1 0 3 3 -1 
-4 -1 16 -2 9 9 -3 0 
1 1 1 1 1 1 1 1 1 1 
916 506 1228
5 64 429 204 29 3 9 6 
7 197 916 772 445 32 -3 7 
8 25 243 692 656 54 -4 -13 
0 9 24 87 66 -13 12 -13 
3 7 14 -2 14 -8 4 -9 
-5 11 -3 -2 -2 -10 1 0 
-2 2 15 7 9 -7 1 16 
-4 -9 11 7 11 -13 -7 10 
1 1 1 1 1 1 1 1 1 1 
912 510 1236
-1 72 437 208 29 1 4 -2 
18 195 912 752 430 38 10 -10 
8 31 247 694 663 51 3 -11 
9 18 14 58 77 -7 -12 -3 
-6 -5 0 3 -8 -4 0 9 
3 2 4 -2 11 1 -3 2 
-4 4 -4 -11 4 -12 -13 6 
3 1 9 1 2 3 1 -3 
1 1 1 1 1 1 1 1 1 1 
900 510 1236
9 69 441 208 24 0 -5 -1 
17 190 900 751 433 36 -1 1 
10 24 239 697 656 63 2 -10 
-3 15 15 57 65 -13 -12 -1 
5 7 2 -7 3 -2 -4 -4 
1 -6 -2 11 -1 -3 -5 8 
0 14 18 -13 -3 3 8 6 
-6 7 10 -7 3 -3 0 10 
1 1 1 1 1 1 1 1 1 1 
922 513 1242
7 66 428 205 15 -3 -3 -4 
15 195 922 769 438 29 11 -1 
14 30 253 710 657 64 5 -2 
15 -3 16 67 63 -13 -11 1 
-4 13 15 6 3 -13 -3 5 
3 -2 3 -6 -9 -2 -4 3 
0 0 4 -7 -3 -7 0 4 
4 1 10 1 5 -2 7 -5 
1 1 1 1 1 1 1 1 1 1 
905 513 1242
4 79 435 199 23 2 -8 13 
20 208 905 771 431 32 -12 11 
11 24 239 687 624 64 10 5 
0 2 16 71 69 -8 -15 -7 
0 7 7 11 6 -5 -2 -15 
3 5 -1 13 2 -3 -4 4 
5 13 -4 0 -6 1 -11 -1 
15 8 11 2 7 -5 -9 17 
1 1 1 1 1 1 1 1 1 1 
913 513 1242
0 81 432 202 30 7 0 -1 
13 213 913 779 420 40 -3 -5 
11 22 235 678 577 51 10 -11 
6 10 21 68 63 -10 -17 -9 
4 2 8 -2 1 -1 1 -1 
-2 -3 3 -8 2 -5 1 18 
-1 2 -5 -3 -6 -3 -4 1 
1 1 -3 -5 -6 3 -2 19 
1 1 1 1 1 1 1 1 1 1 
882 513 1242
1 86 434 208 22 11 4 7 
17 208 882 759 384 18 10 -3 
14 20 226 660 524 42 0 13 
5 11 21 72 60 -9 -14 -11 
0 6 3 -3 1 -4 -5 -8 
-2 -4 -1 1 -5 4 4 6 
7 11 -4 -24 -6 4 2 -1 
2 14 -13 -12 -6 2 -7 -1 
1 1 1 1 1 1 1 1 1 1 
853 513 1242
6 84 411 180 12 2 9 0 
15 208 853 753 366 26 3 5 
2 30 197 638 470 34 -3 0 
-5 -2 18 57 45 -13 -16 3 
1 -1 4 3 -6 -1 -10 -3 
-1 -1 10 -6 -9 -7 -2 3 
2 16 0 -8 -7 2 1 1 
-4 1 5 -8 2 4 -5 11 
1 1 1 1 1 1 1 1 1 1 
847 513 1242
10 102 423 192 32 2 0 -7 
9 208 847 748 351 11 0 -1 
0 32 213 646 455 40 13 -16 
-1 1 28 63 44 -14 -17 -6 
0 5 4 5 -2 -16 3 3 
5 -4 -5 7 -6 -5 0 -2 
-2 13 -13 -11 8 8 2 -2 
4 17 23 4 13 -5 -5 0 
1 1 1 1 1 1 1 1 1 1 
819 517 1248
5 101 424 192 28 1 6 5 
10 202 819 732 332 12 -8 1 
14 30 193 637 438 26 1 -20 
1 5 18 59 35 -14 17 -4 
1 4 14 8 2 -8 4 -4 
7 -1 12 0 -2 -2 2 -11 
-3 4 1 6 5 -3 -8 -1 
-12 0 5 3 9 -8 -2 4 
1 1 1 1 1 1 1 1 1 1 
825 517 1248
8 92 428 194 25 11 -1 -1 
20 218 825 748 336 24 -4 6 
14 36 200 643 435 30 -9 -16 
6 6 7 60 33 -8 -17 -7 
0 6 -5 15 0 2 -1 -3 
-16 5 3 -9 1 1 4 -4 
7 0 -4 -11 -8 -1 0 -1 
-5 5 3 -7 9 -3 -15 7 
1 1 1 1 1 1 1 1 1 1 
830 517 1248
10 106 432 197 24 7 3 -5 
18 217 830 747 337 23 -6 -2 
6 32 206 638 449 34 -7 0 
-1 6 21 58 41 -16 -6 -8 
2 9 5 7 -3 2 -2 6 
-8 -1 -6 -1 7 0 10 0 
5 13 2 12 9 7 -3 -1 
0 6 24 2 6 0 -10 8 
1 1 1 1 1 1 1 1 1 1 
821 517 1248
2 100 422 180 27 0 -5 0 
19 208 821 748 342 19 0 -9 
-1 26 193 629 437 35 3 -9 
0 3 16 58 37 -11 -21 -4 
6 5 6 0 6 5 4 -3 
-12 3 -5 15 -5 1 3 7 
7 4 8 -13 19 10 -9 13 
-6 12 7 9 8 0 -7 12 
1 1 1 1 1 1 1 1 1 1 
844 517 1248
12 100 436 184 31 -2 -2 -13 
16 209 844 780 357 24 -9 -5 
16 37 207 656 470 21 -1 2 
5 14 26 67 50 -11 -7 -14 
-1 7 3 8 -1 3 -5 2 
-3 2 18 -1 4 0 3 -12 
-4 16 3 -11 -9 -1 -3 4 
-11 0 4 -17 1 0 -1 15 
1 1 1 1 1 1 1 1 1 1 
835 517 1248
12 97 424 190 23 1 2 -7 
12 201 835 748 352 16 -8 -15 
3 31 195 646 452 25 -6 -12 
4 4 8 60 38 17 -14 -4 
1 -11 -2 12 2 2 -2 7 
-5 9 -1 9 14 1 8 4 
4 9 -6 -8 -1 8 -6 -3 
-7 12 8 0 1 -3 -7 11 
1 1 1 1 1 1 1 1 1 1 
830 517 1248
11 109 427 191 24 11 -12 0 
9 210 830 747 356 28 13 0 
13 21 204 646 455 34 1 -7 
-4 -2 16 52 35 -9 4 0 
-8 9 9 1 2 -8 -10 -11 
-1 1 3 6 8 4 8 -5 
3 19 2 8 11 2 3 -6 
1 3 18 8 6 -5 -7 1 
1 1 1 1 1 1 1 1 1 1 
833 517 1248
12 107 420 199 23 7 -1 -11 
18 207 833 754 344 30 -11 4 
8 38 204 639 455 30 -7 -5 
-2 -5 18 63 42 13 -14 -12 
4 10 1 -7 6 1 -4 -2 
4 5 5 -7 5 -12 -11 3 
2 -1 -1 -10 2 -1 1 8 
6 4 22 2 9 4 -2 5 
1 1 1 1 1 1 1 1 1 1 
802 517 1248
14 93 390 177 24 -5 -4 -16 
18 188 802 718 330 20 9 6 
7 29 195 628 421 28 1 12 
4 6 4 71 40 -17 -16 -17 
8 2 0 -6 4 -5 -1 -1 
-7 8 6 -7 6 -7 -1 -6 
0 3 8 3 5 0 -1 -10 
2 7 0 5 9 -1 -12 9 
0 0 0 0 0 0 0 1 1 1 
144 517 1248
-3 19 80 62 8 1 1 -7 
16 55 144 138 81 13 -8 -6 
11 23 65 130 105 13 1 -12 
4 3 10 29 10 -16 -12 -6 
4 -2 8 4 -4 -7 1 8 
5 3 4 -2 6 -4 0 -1 
-2 9 5 -5 0 -2 0 4 
-5 10 10 -1 9 -7 -2 3 






******************

2 2 2 2 2 2 2 2 2 2 
769 474 1213
530 488 1492
5 137 651 297 3 14 285 229 
-2 144 769 307 8 29 530 417 
-8 2 30 26 -7 1 68 61 
-1 7 -2 2 4 1 7 3 
0 0 -5 -3 -6 -2 -3 1 
-7 3 7 3 -1 3 7 3 
6 -2 -9 -9 2 7 -1 2 
-1 3 0 1 4 4 -7 -3 
2 2 2 2 2 2 2 2 2 2 
794 474 1213
775 488 1492
3 138 664 280 8 24 402 335 
-3 172 794 329 9 44 775 640 
2 10 33 18 3 7 78 80 
-4 12 0 6 -5 4 -1 9 
-6 2 -5 3 -1 -2 -3 -1 
-1 1 6 5 2 3 0 -7 
2 0 6 0 3 6 0 5 
8 2 7 -7 -3 3 -1 -7 
2 2 2 2 2 2 2 2 2 2 
777 474 1213
768 488 1492
10 150 660 287 13 12 381 355 
-1 179 777 320 24 50 768 674 
-3 12 41 10 1 -2 75 93 
1 0 14 -2 2 1 6 11 
6 3 0 9 -7 -1 2 8 
4 2 4 2 -3 5 4 6 
6 -2 5 12 -7 2 -6 4 
14 9 13 -2 1 7 -13 -6 
2 2 2 2 2 2 2 2 2 2 
769 474 1213
746 488 1492
8 145 667 297 11 6 374 375 
-4 187 769 324 17 32 746 680 
-2 2 40 14 8 10 83 100 
-3 10 4 8 8 2 5 16 
2 8 9 3 1 9 10 15 
0 8 11 -4 5 1 -6 -3 
-7 10 -8 -2 7 9 -4 -3 
5 10 9 1 10 3 4 3 
2 2 2 2 2 2 2 2 2 2 
783 474 1213
752 488 1492
13 147 662 282 6 13 376 367 
-1 180 783 330 16 37 752 681 
2 -2 34 6 8 12 77 86 
-7 -1 -15 -8 6 7 -1 11 
8 14 3 -7 -1 -1 8 -4 
0 8 2 3 3 2 -1 -7 
-1 3 -15 3 -9 0 -1 -2 
2 -4 1 7 -8 -5 4 9 
2 2 2 2 2 2 2 2 2 2 
789 474 1213
751 488 1492
2 142 676 285 7 15 379 357 
2 170 789 329 11 50 751 679 
-8 18 37 22 11 -1 81 94 
-1 10 4 10 1 7 -1 14 
4 -2 -1 -1 -1 2 1 2 
3 5 3 8 -3 -1 -3 -6 
-7 -2 -8 8 -4 -1 -3 6 
0 -1 -3 -11 1 15 -6 -4 
2 2 2 2 2 2 2 2 2 2 
783 474 1213
746 488 1492
6 150 655 289 13 10 383 367 
-4 174 783 325 8 41 746 674 
-3 13 36 15 -1 0 96 89 
1 -2 0 8 3 7 17 15 
3 2 -7 0 4 8 -1 0 
8 8 18 4 -11 -5 6 -4 
-7 -3 16 -1 2 7 1 8 
7 -3 3 -4 -6 13 0 2 
2 2 2 2 2 2 2 2 2 2 
785 474 1213
749 488 1492
4 134 663 287 9 14 379 364 
2 171 785 322 8 42 749 677 
-6 4 44 21 7 2 99 84 
8 9 -4 0 3 -5 -10 3 
14 -1 1 3 -9 5 9 3 
7 11 17 2 4 0 1 10 
2 3 5 -4 4 0 -3 -2 
9 -5 15 0 0 -1 -4 2 
2 2 2 2 2 2 2 2 2 2 
784 474 1213
749 488 1492
5 134 673 292 5 4 369 361 
9 160 784 325 8 51 749 677 
0 4 32 26 3 2 77 94 
-1 0 11 4 -2 0 3 2 
15 2 -6 2 6 1 8 1 
7 2 1 -3 -1 -14 -3 2 
-6 -4 -6 -2 4 3 1 10 
13 10 1 2 -2 8 -15 3 
2 2 2 2 2 2 2 2 2 2 
790 474 1213
750 488 1492
6 138 667 295 2 7 379 368 
3 176 790 329 22 49 750 677 
-7 1 57 15 6 12 88 95 
-5 14 2 5 -3 4 -1 13 
0 9 11 5 -6 -6 1 13 
-4 8 -1 -1 2 2 -7 -1 
4 4 -3 11 1 -3 3 8 
13 -4 7 -9 4 10 4 -1 
2 2 2 2 2 2 2 2 2 2 
796 474 1213
752 488 1492
11 137 660 296 2 5 390 373 
2 167 796 321 12 39 752 683 
-9 2 32 12 15 3 75 89 
-2 0 12 11 9 1 9 7 
3 5 3 0 5 6 5 16 
6 6 -6 2 5 3 5 10 
0 0 -3 3 2 0 -5 -4 
-6 -1 9 -8 2 14 1 9 
2 2 2 2 2 2 2 2 2 2 
792 474 1213
755 488 1492
1 140 663 274 10 15 373 362 
-2 174 792 336 21 38 755 682 
-5 7 40 22 6 -3 84 92 
7 5 0 7 3 2 0 2 
2 1 -7 3 -6 7 5 10 
-1 8 -2 -8 -2 7 -9 4 
3 6 -3 1 2 10 2 -13 
-2 -1 -4 -7 6 6 14 -7 
2 2 2 2 2 2 2 2 2 2 
785 474 1213
757 488 1492
14 147 659 285 8 13 372 380 
6 162 785 328 14 34 757 674 
4 12 46 21 0 -1 93 103 
-1 8 2 -1 3 2 -2 5 
-2 0 3 10 2 -1 9 -2 
7 -1 -11 2 8 14 -9 -3 
-2 14 3 0 1 6 7 3 
-2 3 2 -8 3 8 -6 2 
2 2 2 2 2 2 2 2 2 2 
787 474 1213
745 488 1492
19 132 659 280 13 18 370 353 
-9 175 787 324 13 37 745 684 
-12 7 47 19 -5 1 84 87 
5 3 9 4 11 11 -1 18 
3 8 7 -2 -5 5 -3 10 
2 7 -5 1 3 -15 -1 1 
2 9 9 -6 9 -1 -7 -9 
6 7 -3 -4 8 9 -9 -1 
2 2 2 2 2 2 2 2 2 2 
795 474 1213
766 488 1492
7 139 664 287 3 7 379 356 
-2 179 795 333 22 49 766 706 
2 10 27 12 10 9 81 83 
1 3 -6 -8 4 -1 -6 -2 
11 3 11 7 -6 -1 8 6 
3 8 -4 12 -4 -2 7 -2 
0 2 1 18 -2 10 1 -2 
1 0 -5 3 -5 8 -12 -12 
2 2 2 2 2 2 2 2 2 2 
794 474 1213
751 488 1492
7 146 661 288 10 13 368 356 
-3 174 794 330 4 40 751 688 
-4 17 38 16 9 2 84 86 
3 0 0 10 1 9 -5 12 
4 -1 8 0 9 -2 6 -11 
1 6 -5 -1 2 0 -4 10 
4 8 -9 -12 8 4 -3 6 
11 -3 8 -16 -6 0 -5 7 
2 2 2 2 2 2 2 2 2 2 
784 474 1213
764 488 1492
1 144 653 287 8 9 383 370 
3 168 784 328 12 43 764 691 
-4 5 41 16 7 9 79 84 
-19 11 -6 8 6 -3 3 2 
16 3 5 2 -1 0 8 15 
-12 8 3 4 -5 -3 0 5 
11 0 -1 -2 3 4 -1 -6 
1 4 -2 -4 -8 6 -7 3 
2 2 2 2 2 2 2 2 2 2 
782 474 1213
738 488 1492
-1 147 656 292 0 12 374 343 
3 168 782 306 18 39 738 667 
2 3 40 13 -2 10 72 81 
5 8 -4 9 9 -6 8 6 
5 6 -3 7 -2 5 0 -1 
-7 4 -2 -3 1 2 0 -11 
8 -4 -13 1 0 4 -8 -8 
1 -1 -4 -3 4 5 -9 -2 
2 2 2 2 2 2 2 2 2 2 
780 474 1213
748 488 1492
4 151 659 298 5 14 384 358 
-2 171 780 323 10 43 748 684 
-3 17 41 19 7 13 86 90 
-3 6 4 12 5 3 7 10 
10 0 -1 12 -2 0 6 -1 
14 -2 -5 0 1 1 2 -2 
-2 7 0 14 -10 -8 0 -7 
6 4 5 -4 -4 1 10 6 
2 2 2 2 2 2 2 2 2 2 
792 474 1213
758 488 1492
5 141 670 290 7 9 373 367 
5 172 792 332 11 37 758 680 
-9 0 39 26 10 0 80 108 
1 11 -2 8 11 6 8 -1 
13 -5 7 7 -7 1 9 3 
4 7 -5 12 4 7 -4 -5 
1 1 -3 -1 1 1 -8 -8 
0 13 -2 2 7 9 8 -4 
2 2 2 2 2 2 2 2 2 2 
797 474 1213
747 488 1492
18 139 667 281 2 9 375 363 
-6 165 797 327 7 45 747 668 
0 10 36 21 10 -2 93 91 
5 -1 -13 16 5 -2 0 6 
1 -2 -4 3 -8 -1 0 -9 
1 1 3 7 -4 7 4 0 
-1 -1 -5 -9 -7 5 8 -6 
0 0 5 -7 3 15 -5 3 
2 2 2 2 2 2 2 2 2 2 
774 474 1213
736 488 1492
10 145 659 282 9 8 379 363 
-1 160 774 317 0 24 736 669 
-2 1 40 23 9 1 86 107 
2 -1 1 9 -5 0 1 3 
1 -3 4 8 -9 1 7 9 
3 -7 6 3 -4 5 0 6 
3 -6 3 -3 -4 -6 1 -4 
8 3 6 -4 3 6 -8 0 
2 2 2 2 2 2 2 2 2 2 
777 474 1213
748 488 1492
2 143 659 287 9 11 379 369 
9 162 777 321 16 47 748 682 
-15 6 42 13 0 3 94 108 
1 6 -3 -3 1 -13 6 7 
11 6 6 -2 6 6 4 6 
7 3 0 11 1 4 12 8 
-1 -1 1 11 -2 7 -6 4 
9 -2 -7 3 0 -1 6 12 
2 2 2 2 2 2 2 2 2 2 
789 474 1213
742 488 1492
2 143 662 293 9 11 385 351 
9 181 789 329 10 44 742 681 
-4 6 26 19 12 -3 79 89 
2 8 -5 7 -1 0 2 9 
12 10 -5 5 -17 -1 16 11 
0 7 1 3 -2 -2 7 10 
5 8 -7 -1 0 -3 -3 7 
1 4 4 9 4 12 0 5 
2 2 2 2 2 2 2 2 2 2 
778 474 1213
741 488 1492
9 140 662 285 11 16 383 362 
-7 178 778 322 20 45 741 662 
-5 4 45 20 6 -3 88 84 
2 0 3 7 5 0 17 8 
15 7 14 9 -6 -1 6 -6 
10 3 -2 10 1 -6 1 13 
5 -3 -5 6 -3 -3 0 -1 
2 -3 7 4 -5 2 0 6 
2 2 2 2 2 2 2 2 2 2 
789 474 1213
802 488 1492
6 142 657 288 7 17 402 332 
2 163 789 326 9 48 802 643 
-5 9 42 19 8 12 93 88 
-3 -2 -10 1 10 -2 4 1 
4 8 0 -4 0 -8 4 15 
0 4 3 8 -11 -6 3 13 
2 11 1 -3 5 -1 -5 -11 
5 -3 5 3 -2 27 -8 8 
2 2 2 2 2 2 2 2 2 2 
780 474 1213
803 488 1492
11 140 658 297 5 18 428 306 
-4 161 780 307 3 61 803 574 
-3 5 39 13 7 5 111 76 
-8 6 6 -5 22 5 8 6 
3 6 0 3 -11 -8 7 8 
-10 6 -4 8 -7 -1 5 -9 
1 -6 -8 -5 0 -6 16 6 
2 -4 2 -10 -4 16 -1 0 
2 2 2 2 2 2 2 2 2 2 
793 474 1213
848 488 1492
-5 149 659 294 8 32 463 286 
5 171 793 337 15 96 848 555 
5 9 29 19 -1 3 103 63 
-3 7 2 1 -1 -2 17 10 
6 1 5 0 -4 -4 15 7 
13 9 -2 7 2 3 2 -9 
8 -3 -8 -5 -8 5 4 2 
14 2 -1 1 -5 7 -3 -2 
2 2 2 2 2 2 2 2 2 2 
780 474 1213
862 488 1492
1 140 660 282 14 31 462 249 
11 170 780 314 13 106 862 523 
0 14 32 16 1 -1 101 49 
-5 8 5 6 -1 0 16 9 
4 -3 -9 7 -7 7 1 4 
0 0 -13 4 -6 -2 -6 -3 
6 1 1 7 -9 5 5 -11 
6 8 -3 -3 -7 -5 0 9 
2 2 2 2 2 2 2 2 2 2 
795 474 1213
866 488 1492
7 144 669 282 8 51 471 256 
3 183 795 335 22 110 866 508 
2 1 40 15 1 5 112 46 
-2 14 0 1 2 8 14 5 
5 1 2 7 -1 4 6 22 
4 0 2 5 3 -14 13 6 
3 1 1 3 -3 3 -1 -5 
6 -1 7 1 7 4 -6 3 
2 2 2 2 2 2 2 2 2 2 
796 474 1213
868 488 1492
12 143 671 293 8 47 476 256 
3 174 796 335 20 128 868 506 
-8 7 44 24 4 10 113 68 
-8 1 -10 1 5 4 2 -5 
6 8 -8 4 13 5 5 20 
-4 -1 3 8 -7 6 -2 9 
4 -3 -6 11 1 3 1 -2 
-3 2 8 9 -1 -4 3 -9 
2 2 2 2 2 2 2 2 2 2 
797 474 1213
867 488 1492
6 133 657 289 19 42 475 260 
-3 170 797 326 23 120 867 500 
11 6 48 20 1 20 118 62 
-4 17 -5 8 9 3 11 8 
9 -2 -2 1 -12 -7 0 1 
5 7 -2 3 3 6 -3 1 
-12 4 0 7 -3 -4 4 3 
4 -4 -6 4 -4 -3 -7 2 
2 2 2 2 2 2 2 2 2 2 
789 474 1213
872 488 1492
8 140 670 295 14 60 486 250 
-4 192 789 338 29 113 872 486 
-3 7 56 8 5 8 114 58 
-3 6 -4 2 9 2 -2 2 
-2 5 -3 2 -4 5 10 17 
9 4 6 2 -2 0 -7 0 
6 -1 7 2 -9 -1 -6 2 
2 -1 1 10 0 9 2 3 
2 2 2 2 2 2 2 2 2 2 
793 474 1213
870 488 1492
2 147 665 288 5 55 492 233 
2 174 793 331 18 140 870 467 
-5 6 47 16 0 -1 116 44 
-3 -3 -11 -1 4 1 9 12 
9 -2 6 9 -2 4 13 7 
-6 3 9 -2 -1 2 9 0 
-4 11 10 8 8 -6 6 -6 
-8 3 7 -1 0 19 -5 -3 
2 2 2 2 2 2 2 2 2 2 
780 474 1213
871 488 1492
0 141 658 297 5 69 499 213 
-3 175 780 323 25 161 871 411 
0 7 39 13 6 16 115 52 
1 5 6 5 10 1 7 13 
8 7 0 11 -4 5 6 9 
4 0 -3 -4 -6 1 -1 6 
-1 4 -12 7 7 0 -10 8 
8 -2 1 -4 -9 -1 -1 -7 
2 2 2 2 2 2 2 2 2 2 
788 474 1213
873 488 1492
21 142 651 287 9 88 507 179 
5 177 788 327 32 209 873 365 
6 5 43 7 2 15 123 41 
-3 6 1 6 7 3 8 6 
3 8 -4 4 -6 -4 2 4 
4 -5 10 0 -4 1 -6 1 
3 -7 -5 5 6 -1 6 -2 
5 -3 0 0 -6 15 6 -2 
2 2 2 2 2 2 2 2 2 2 
768 474 1213
852 488 1492
5 149 657 284 8 108 503 166 
5 174 768 319 27 253 852 327 
1 6 55 22 4 11 131 42 
-5 8 2 5 0 8 0 7 
-1 4 -1 1 8 -2 12 -5 
-4 3 -2 1 3 12 5 -2 
-6 -2 4 7 5 1 3 -8 
4 -4 16 4 -2 5 1 4 
2 2 2 2 2 2 2 2 2 2 
788 474 1213
867 488 1492
12 140 661 295 15 121 518 155 
3 175 788 323 18 264 867 309 
5 10 44 21 13 24 126 26 
-6 0 2 18 7 4 13 5 
6 0 2 8 -2 -1 1 1 
-1 2 -1 13 6 7 -8 2 
-5 0 1 -5 3 1 -8 1 
6 -4 -2 -3 -5 -1 4 -2 
2 2 2 2 2 2 2 2 2 2 
798 474 1213
873 488 1492
6 146 659 287 8 122 506 141 
-6 170 798 332 27 272 873 305 
-1 8 37 8 9 25 125 26 
-4 1 0 -1 5 5 11 9 
9 6 6 2 -4 8 12 0 
3 3 8 2 1 2 4 -7 
0 -1 -5 0 -1 0 0 5 
2 7 0 3 4 -1 0 -10 
2 2 2 2 2 2 2 2 2 2 
785 474 1213
879 488 1492
2 142 662 290 10 125 504 132 
12 167 785 325 32 268 879 309 
-3 -1 39 17 -2 29 121 22 
-6 4 9 3 7 -1 6 1 
17 3 11 1 -12 7 15 4 
9 -7 -6 4 -9 1 -3 4 
4 -4 3 -2 0 8 5 5 
-1 5 4 4 2 -2 -7 1 
2 2 2 2 2 2 2 2 2 2 
790 474 1213
868 488 1492
6 143 658 288 21 113 508 153 
4 175 790 324 25 262 868 322 
10 -3 42 16 6 18 121 26 
-11 2 0 4 3 12 7 -1 
3 3 8 7 -1 7 12 4 
11 1 3 1 -5 5 21 -10 
4 5 -8 0 -10 4 -5 -10 
1 -6 1 0 5 0 -15 -3 
2 2 2 2 2 2 2 2 2 2 
780 474 1213
865 488 1480
-1 150 667 282 13 129 510 134 
-3 180 780 322 33 279 865 295 
-1 1 46 16 9 22 126 22 
-6 5 7 -3 11 6 14 -6 
7 7 -8 -5 -3 -3 6 14 
6 12 3 0 4 -1 1 -1 
-2 -11 -11 9 -6 1 -4 -3 
8 -4 1 4 -9 11 -11 -5 
2 2 2 2 2 2 2 2 2 2 
784 474 1213
863 488 1480
12 146 661 296 12 139 508 121 
-2 165 784 332 23 321 863 258 
-3 8 30 21 3 36 127 18 
-1 4 4 4 11 6 1 9 
4 -3 4 0 -8 2 -4 19 
-5 10 1 1 -7 -1 -1 -1 
6 -4 -8 0 5 -6 -7 -2 
10 -11 -4 0 -9 -1 -8 -15 
2 2 2 2 2 2 2 2 2 2 
793 474 1213
852 488 1480
20 140 662 283 21 183 487 99 
1 172 793 341 37 398 852 225 
15 11 39 25 13 42 119 20 
-7 3 -2 -1 8 12 3 14 
5 6 -1 -2 5 -8 6 -1 
8 1 6 2 -3 2 8 1 
3 2 2 10 2 -3 8 4 
7 -1 -7 -1 0 8 -3 -6 
2 2 2 2 2 2 2 2 2 2 
763 474 1213
827 488 1480
9 146 666 289 21 212 484 82 
2 172 763 337 32 432 827 178 
10 8 42 28 12 39 116 5 
7 -2 2 12 4 1 15 3 
-2 0 -2 4 -6 8 -5 18 
1 0 -3 3 4 4 -2 1 
4 4 -11 1 9 1 2 -1 
7 0 3 -7 -2 0 -13 -8 
2 2 2 2 2 2 2 2 2 2 
786 474 1213
811 488 1480
7 142 656 283 19 222 463 69 
-1 171 786 347 36 474 811 149 
3 5 43 23 2 47 122 2 
-9 12 -7 13 4 11 20 8 
4 -5 -2 0 1 -1 6 7 
-7 -5 10 7 -6 -5 2 15 
6 10 12 -1 -7 8 -5 -9 
9 9 12 -3 3 5 -6 3 
2 2 2 2 2 2 2 2 2 2 
791 474 1213
819 488 1480
7 133 662 302 23 236 483 63 
2 180 791 320 35 489 819 163 
13 2 29 10 18 42 114 5 
-3 1 6 8 5 -1 8 7 
0 -3 4 4 3 21 24 16 
5 13 3 14 8 2 2 5 
-6 -7 -3 9 -5 12 9 0 
6 3 1 -5 0 12 -5 1 
2 2 2 2 2 2 2 2 2 2 
793 474 1213
819 488 1480
23 139 652 290 27 229 464 62 
-6 169 793 335 40 499 819 157 
-7 14 47 16 4 49 109 5 
0 8 4 9 9 8 11 8 
18 -3 4 0 -17 2 4 12 
-4 -1 5 0 5 0 4 4 
13 0 9 -1 -8 4 -9 2 
6 0 -12 -5 1 -5 -5 -1 
2 2 2 2 2 2 2 2 2 2 
789 474 1213
820 488 1480
14 138 653 305 18 244 467 61 
1 176 789 325 47 488 820 156 
-6 0 40 23 1 39 128 16 
4 13 4 4 5 10 16 10 
10 8 4 5 -5 9 7 1 
3 13 -7 -3 0 -1 -1 -4 
-1 4 -2 -3 1 -4 5 -3 
7 0 5 5 -2 17 -9 -6 
2 2 2 2 2 2 2 2 2 2 
789 474 1213
812 488 1468
11 137 661 292 16 237 472 64 
-3 172 789 327 27 493 812 138 
2 3 47 17 2 45 123 11 
-2 12 4 5 5 6 9 -1 
3 1 8 12 -2 9 7 -3 
2 -5 -3 2 -3 5 8 5 
-4 0 4 17 2 6 -5 1 
11 3 5 10 2 4 1 9 
2 2 2 2 2 2 2 2 2 2 
784 474 1213
806 488 1468
13 128 659 295 11 250 449 42 
-3 171 784 320 35 518 806 123 
-9 5 32 15 2 50 101 2 
-6 1 3 6 7 10 11 10 
-1 4 -4 8 -7 -3 0 6 
3 -2 0 10 -4 0 4 -6 
-5 -5 1 6 -3 1 9 -8 
0 -2 -7 -5 1 3 -3 6 
2 2 2 2 2 2 2 2 2 2 
789 474 1213
782 488 1468
4 149 654 288 23 292 440 46 
0 175 789 326 40 585 782 104 
-3 6 31 28 12 62 106 -13 
4 6 0 8 5 20 8 10 
3 8 -1 10 1 6 -5 -4 
-5 -1 7 -8 9 -3 8 10 
1 0 0 -7 -2 8 1 6 
8 -2 -1 -9 0 3 -5 -4 
2 2 2 2 2 2 2 2 2 2 
804 474 1213
748 488 1468
7 134 667 297 26 326 426 26 
0 166 804 327 51 633 748 84 
-8 0 31 19 12 78 99 -13 
9 14 8 16 6 2 10 0 
0 -2 7 11 -3 0 6 -3 
2 0 2 12 -2 -1 -2 2 
2 -9 -2 -4 8 -8 -4 -8 
2 -7 16 -1 9 10 2 -3 
2 2 2 2 2 2 2 2 2 2 
784 474 1213
714 488 1468
8 134 658 290 27 336 404 15 
1 169 784 326 36 670 714 67 
-10 10 38 20 16 79 91 -7 
2 11 7 0 15 6 3 1 
9 9 3 -7 -4 12 16 -3 
6 11 2 15 10 11 13 11 
-3 7 0 -2 -2 13 8 1 
-3 6 -1 -11 6 11 -1 7 
2 2 2 2 2 2 2 2 2 2 
788 474 1213
707 488 1468
14 144 673 288 28 369 388 18 
-9 173 788 328 51 707 697 62 
-5 5 40 24 15 82 97 -6 
-9 5 -4 16 13 9 4 3 
-4 -1 13 4 6 5 2 -3 
-7 4 1 10 -3 -6 5 -8 
-9 -2 3 2 2 7 1 13 
11 -9 -6 0 6 6 -3 4 
3 3 3 2 2 2 2 2 2 2 
781 474 1213
702 488 1458
9 146 661 292 30 373 400 16 
1 161 781 325 55 702 702 48 
-5 3 34 25 13 73 82 -9 
5 11 6 11 7 9 16 3 
11 4 -5 7 -5 3 6 7 
1 1 0 0 -4 4 5 9 
-2 -5 1 13 -5 -4 0 -11 
6 1 11 -5 -2 11 -4 1 
2 2 2 2 2 2 2 2 2 2 
770 474 1213
701 488 1458
17 138 659 297 27 376 387 16 
7 174 770 327 54 698 701 54 
7 10 33 23 17 79 92 -2 
-11 14 9 0 7 3 7 -2 
8 3 7 -2 1 -1 11 -6 
-8 10 6 15 -1 3 1 1 
4 0 -1 4 3 4 -1 0 
7 -1 -8 -11 7 4 -13 -13 
2 2 2 2 2 2 2 2 2 2 
791 474 1213
714 488 1458
5 138 652 284 21 364 389 12 
3 171 791 333 66 714 699 63 
-1 6 40 17 14 74 92 -4 
-11 9 12 8 5 3 5 2 
0 8 -3 8 0 -4 1 15 
7 -5 -2 13 -2 -2 -9 0 
5 -1 -5 3 2 -4 -1 -4 
9 2 1 -10 -11 0 -14 6 
2 2 2 2 2 2 2 2 2 2 
788 474 1213
722 488 1458
14 144 669 297 20 375 373 21 
3 167 788 334 64 722 676 55 
-3 0 44 12 7 84 82 -15 
0 -4 -5 12 10 12 11 2 
2 4 11 -2 -10 8 2 2 
10 9 11 7 -7 0 5 6 
2 -11 0 3 -7 13 6 -3 
0 -9 3 6 0 2 -3 2 
2 2 2 2 2 2 2 2 2 2 
778 474 1213
755 488 1458
9 142 666 285 29 394 360 1 
7 170 778 338 77 755 652 43 
8 9 41 14 15 91 91 -7 
2 7 1 18 10 -3 15 -3 
2 9 7 2 -1 3 -1 -3 
9 1 13 4 -9 2 -2 0 
-3 0 -4 -1 9 2 6 5 
6 -4 2 -1 -5 0 -12 -1 
2 2 2 2 2 2 2 2 2 2 
783 474 1213
804 488 1449
17 124 662 298 38 427 323 2 
4 170 783 334 84 804 599 32 
-7 10 36 30 12 109 72 -10 
-2 5 -5 9 10 1 11 8 
3 6 -3 -2 5 17 9 2 
3 4 9 -3 6 0 1 4 
3 5 -7 1 -3 3 -8 0 
0 -9 0 -7 -7 0 3 -4 
2 2 2 2 2 2 2 2 2 2 
795 474 1213
823 488 1449
5 142 663 294 49 459 290 6 
8 178 795 339 100 823 564 17 
-1 10 39 19 17 114 72 -3 
3 7 -5 9 16 5 8 11 
-4 0 8 9 -4 14 20 8 
4 -4 3 5 2 -1 0 12 
1 -4 -4 3 2 9 -8 -8 
5 1 10 11 -1 14 -3 11 
2 2 2 2 2 2 2 2 2 2 
781 474 1213
831 488 1449
8 145 664 295 54 468 271 -4 
2 164 781 313 102 831 527 2 
1 3 39 18 19 124 61 -17 
2 6 11 5 4 11 2 2 
9 -3 -8 -4 2 7 -3 7 
5 -7 4 1 -5 2 1 3 
10 8 -6 7 -1 4 -5 9 
2 -12 6 9 2 -10 0 -6 
2 2 2 2 2 2 2 2 2 2 
807 474 1213
852 488 1449
2 152 649 292 63 476 280 -3 
-3 183 807 328 117 852 533 22 
6 3 32 21 18 108 63 -15 
14 4 12 9 13 11 2 7 
5 5 7 7 3 7 -2 -2 
7 2 -4 3 -8 4 8 -4 
6 10 11 5 2 10 3 3 
11 -1 -6 -1 -4 -2 -15 -1 
2 2 2 2 2 2 2 2 2 2 
781 474 1213
838 489 1439
16 143 649 289 70 474 271 -14 
-1 172 781 323 111 838 513 9 
3 6 37 20 29 106 55 3 
-2 3 -3 -5 13 4 5 1 
12 9 11 7 -3 6 16 4 
14 11 5 6 1 0 5 -1 
-3 0 -9 -7 3 -5 -4 0 
-10 11 -5 6 2 10 -1 4 
2 2 2 2 2 2 2 2 2 2 
782 474 1213
846 489 1439
9 144 669 282 61 465 265 -10 
2 180 782 341 120 846 534 19 
-10 9 43 23 17 117 59 -3 
2 -7 4 3 7 9 6 1 
9 4 15 13 1 0 4 -1 
0 6 8 11 0 6 8 -2 
-5 -7 -8 12 -2 -4 1 10 
14 0 2 4 0 11 -3 -7 
2 2 2 2 2 2 2 2 2 2 
786 474 1213
838 489 1439
8 137 665 288 56 484 261 -1 
0 166 786 339 108 838 526 25 
0 10 43 13 16 112 61 6 
12 -2 2 -5 13 6 13 11 
4 1 6 9 2 13 12 3 
7 6 -4 4 5 -5 1 -3 
-3 6 6 8 -7 8 0 -8 
5 6 -1 5 4 10 -4 -8 
2 2 2 2 2 2 2 2 2 2 
787 474 1213
851 489 1432
-2 136 659 299 64 487 247 -1 
8 172 787 337 137 851 489 26 
-6 10 35 11 11 122 54 -6 
3 10 0 1 13 8 6 -1 
10 -2 -3 0 -6 3 -7 3 
3 6 5 2 -7 -3 -2 -6 
-2 4 -12 0 1 0 -1 -6 
7 -2 -9 -16 -9 2 -6 4 
2 2 2 2 2 2 2 2 2 2 
794 474 1213
863 489 1432
14 153 657 292 79 504 229 0 
-6 174 794 332 159 863 440 11 
-16 5 50 21 20 123 40 14 
-6 9 9 1 4 -3 6 -10 
-2 7 6 13 -1 0 8 -8 
8 11 -4 11 1 -5 -4 14 
3 5 2 -5 3 -2 -2 -13 
6 -3 1 9 0 5 0 7 
2 2 2 2 2 2 2 2 2 2 
784 474 1213
879 489 1432
12 143 671 293 98 514 198 9 
8 177 784 328 195 879 391 16 
2 20 47 19 33 117 40 -19 
10 5 7 -4 7 19 9 -1 
3 11 3 7 -8 9 16 -3 
3 5 3 2 -4 2 -2 3 
4 -7 -21 -3 -4 -4 -5 0 
2 9 -1 6 7 8 -10 7 
2 2 2 2 2 2 2 2 2 2 
792 474 1213
866 489 1432
17 149 672 294 122 515 172 -5 
4 170 792 344 232 866 353 12 
5 10 44 24 29 127 30 -8 
14 6 -3 9 11 6 4 1 
2 0 12 -5 -4 -7 8 -6 
-8 2 -3 1 -4 8 4 -2 
7 4 -1 -5 -4 2 -5 3 
8 -4 -2 -2 2 8 -9 1 
2 2 2 2 2 2 2 2 2 2 
789 474 1213
877 489 1425
9 148 663 304 130 520 171 -5 
0 179 789 333 253 877 325 6 
-3 4 45 21 26 119 19 -10 
-2 1 -2 7 12 15 6 0 
8 3 6 7 2 1 2 3 
-12 1 -1 -3 5 8 2 0 
4 3 -16 15 4 9 -3 7 
3 -6 1 9 7 6 -4 -9 
2 2 2 2 2 2 2 2 2 2 
791 474 1213
871 489 1425
9 140 661 285 129 512 150 -5 
6 178 791 343 257 871 352 13 
10 8 34 39 39 127 35 -8 
7 -6 1 -1 8 -3 -2 -6 
2 -2 13 15 -2 12 7 0 
-7 -4 -1 7 4 1 4 3 
-2 1 -5 -6 6 2 -5 0 
10 4 -1 3 7 8 -1 1 
2 2 2 2 2 2 2 2 2 2 
800 474 1213
873 489 1425
16 140 679 314 139 522 173 0 
2 185 800 338 252 873 333 16 
-9 -8 32 26 36 129 26 -12 
-1 7 18 -3 9 20 2 5 
3 5 -4 5 -4 3 9 5 
3 -3 -7 0 -3 0 3 -4 
4 2 2 3 4 12 -1 -1 
10 0 4 2 -11 16 -5 8 
2 2 2 2 2 2 2 2 2 2 
788 474 1213
868 489 1419
6 150 668 306 136 517 174 -8 
-1 174 788 334 258 868 332 17 
6 14 51 33 37 119 41 -19 
-7 0 -2 13 6 18 9 0 
12 4 1 -3 -6 -4 13 4 
-5 9 4 3 4 6 4 8 
-10 -6 -11 7 0 11 -5 2 
2 4 -5 -2 1 8 -2 -3 
2 2 2 2 2 2 2 2 2 2 
787 474 1213
865 489 1419
2 144 672 311 133 528 154 -2 
-5 176 787 343 280 865 308 -1 
-9 -4 37 21 30 118 25 -8 
10 11 6 11 2 8 11 -6 
5 0 -8 15 -1 4 -7 -3 
1 7 11 -5 2 -7 8 -1 
8 -5 -8 3 1 -3 -5 -3 
8 -2 0 -9 4 -6 -5 -2 
2 2 2 2 2 2 2 2 2 2 
786 474 1213
860 489 1419
3 147 676 314 161 523 131 -18 
-3 180 786 338 321 860 266 6 
-4 11 43 19 38 125 18 -16 
9 11 -5 -7 6 6 1 4 
6 4 -2 7 -5 0 1 -2 
-4 5 -7 3 -3 7 1 3 
1 -4 14 8 -2 7 -6 7 
6 -5 7 6 3 15 -6 4 
2 2 2 2 2 2 2 2 2 2 
786 474 1213
843 489 1419
6 155 664 293 199 519 103 -13 
6 175 786 333 381 843 216 5 
-3 1 34 7 39 115 11 -11 
4 8 7 -4 10 5 5 -1 
7 10 5 -6 -5 7 -2 -1 
4 18 6 -3 6 8 -5 23 
-3 -4 -11 -1 -5 1 -5 -8 
1 1 -9 0 -3 3 -8 -3 
2 2 2 2 2 2 2 2 2 2 
789 474 1213
830 489 1419
9 142 665 305 216 506 93 13 
-1 177 789 330 433 830 189 -6 
3 10 31 17 53 120 -5 -11 
1 2 -3 5 6 16 4 7 
-4 7 4 4 12 10 2 -2 
-3 4 2 -3 -5 12 -1 16 
0 -2 -1 5 3 5 1 -8 
4 -10 8 0 -7 4 -11 0 
2 2 2 2 2 2 2 2 2 2 
792 474 1213
842 489 1413
10 144 673 294 243 501 81 -13 
4 181 792 347 444 842 174 8 
2 4 37 32 44 126 0 -8 
-8 -6 0 5 5 -6 7 -4 
9 4 12 7 -4 10 9 -4 
0 8 2 2 3 2 5 -2 
3 1 -6 9 -7 9 6 -6 
13 -3 0 9 -2 5 -2 -2 
2 2 2 2 2 2 2 2 2 2 
786 474 1213
822 489 1413
11 140 658 301 236 491 70 -15 
1 172 786 349 459 822 170 0 
1 11 39 26 48 120 16 14 
0 3 5 13 15 19 -1 -3 
18 -5 3 12 -6 4 17 1 
3 10 6 5 0 8 -3 1 
1 5 7 6 8 10 0 -3 
11 0 -2 2 -2 4 -13 -6 
2 2 2 2 2 2 2 2 2 2 
781 474 1213
830 489 1413
11 145 666 295 234 502 76 21 
-1 164 781 347 458 830 175 6 
-9 11 41 18 49 116 9 -8 
-2 -3 -2 8 14 9 -3 -10 
10 3 9 0 0 6 7 2 
-4 -4 -5 15 2 0 8 2 
-1 0 7 9 -2 15 -9 -6 
4 0 6 -8 7 -1 -12 11 
2 2 2 2 2 2 2 2 2 2 
786 474 1213
817 489 1407
4 153 667 311 241 491 87 -4 
2 167 786 341 460 817 172 -5 
0 4 35 19 45 117 10 -9 
2 12 -3 11 14 11 10 -1 
0 -3 11 1 -3 -3 5 5 
7 7 8 12 4 4 -4 3 
-2 3 -8 -4 2 -1 -2 -3 
-1 0 -8 -6 -4 8 -7 -2 
2 2 2 2 2 2 2 2 2 2 
795 474 1213
824 489 1407
20 145 667 308 249 487 60 -6 
3 168 795 357 479 824 161 -5 
1 3 44 22 54 119 8 -13 
-9 5 -2 3 10 12 0 13 
11 0 -1 8 -1 -1 10 -1 
0 9 5 0 -3 5 0 -6 
5 2 -2 4 6 13 2 -4 
6 -5 -9 -1 -3 1 -14 -2 
2 2 2 2 2 2 2 2 2 2 
789 474 1213
801 489 1407
5 143 661 302 262 477 59 -14 
-1 177 789 358 518 801 142 -7 
10 9 32 28 61 118 -6 -10 
-1 -3 -4 1 10 4 3 1 
6 8 7 4 -3 3 6 7 
5 4 11 -2 3 14 7 -6 
3 -5 -10 -2 3 -1 -6 -1 
1 2 5 0 4 -1 -6 14 
2 2 2 2 2 2 2 2 2 2 
786 474 1213
770 489 1407
4 145 660 310 299 457 29 11 
12 174 786 352 576 770 102 -7 
0 0 35 24 65 122 -4 -12 
2 12 -2 16 4 15 -1 5 
5 0 10 6 10 0 7 3 
5 8 -10 -1 -7 -5 2 7 
-1 -2 3 7 -5 7 -4 -1 
3 -8 4 0 6 0 -3 8 
2 2 2 2 2 2 2 2 2 2 
785 474 1213
751 489 1401
13 143 664 303 329 437 20 -4 
3 168 785 355 631 751 77 -1 
4 11 48 28 83 107 -1 -12 
2 10 7 1 13 12 7 1 
3 0 11 -3 2 1 3 8 
4 12 7 6 -1 13 0 9 
-4 12 10 3 9 2 -9 2 
-1 -9 -2 0 -1 3 4 -4 
2 2 2 2 2 2 2 2 2 2 
779 474 1213
727 489 1401
3 135 674 301 347 422 20 -26 
6 175 779 343 662 727 71 -1 
2 6 34 30 65 93 -5 -18 
-2 10 4 7 3 0 5 -2 
10 -6 7 1 -7 6 6 9 
-4 7 3 3 -5 4 1 0 
3 -10 9 8 10 4 1 -3 
4 -3 8 -5 7 9 -8 -1 
2 2 2 2 2 2 2 2 2 2 
798 474 1213
730 489 1401
24 147 676 319 355 435 21 4 
1 175 798 357 669 730 74 5 
-4 13 48 23 73 98 -7 -15 
-4 10 1 7 8 17 -5 -5 
14 3 7 12 2 -6 13 -7 
5 -2 1 -11 5 1 -2 -5 
3 -3 3 7 2 13 -3 5 
7 -3 2 -1 -2 4 7 3 
2 2 2 2 2 2 2 2 2 2 
786 474 1213
720 489 1394
8 147 653 307 364 415 14 8 
11 178 786 361 676 720 69 2 
-11 19 28 19 78 100 3 -10 
11 11 3 15 14 17 3 -1 
10 2 -2 -5 -3 0 -6 20 
2 4 -6 0 -9 -3 1 9 
-5 -1 -2 6 -4 3 -1 -3 
-4 8 -4 -9 3 7 -7 6 
2 2 2 2 2 2 2 2 2 2 
787 474 1213
716 489 1394
2 147 664 316 364 415 30 -12 
-2 176 787 348 658 716 69 -3 
-1 11 43 16 75 97 10 -6 
7 0 -8 10 4 -1 1 8 
13 7 -6 1 -6 4 6 -6 
-4 -4 4 9 6 3 5 -1 
10 -3 -3 12 3 10 -4 0 
4 0 -1 -3 1 1 -6 -4 
2 2 2 2 2 2 2 2 2 2 
777 474 1213
719 489 1394
2 148 654 303 365 416 19 10 
8 171 777 374 678 719 53 -10 
0 14 44 21 86 110 -4 -3 
-6 12 10 11 11 10 -2 9 
10 -3 -6 -1 -6 4 2 -3 
-3 7 4 15 -5 0 -3 4 
8 -5 -2 -6 -4 4 -3 -2 
-3 5 4 -4 -3 4 11 15 
2 2 2 2 2 2 2 2 2 2 
784 474 1213
710 489 1387
12 150 664 315 392 399 24 -1 
6 169 784 376 710 692 54 4 
-1 13 42 36 89 105 -9 -7 
-3 3 3 4 16 5 -8 -2 
14 7 11 16 -12 1 5 -4 
6 8 4 7 -8 4 1 2 
7 4 -12 1 -9 -5 2 -7 
11 1 11 6 -9 5 -4 -10 
2 2 2 2 2 2 2 2 2 2 
785 474 1213
760 489 1387
6 138 669 309 411 371 8 5 
-1 172 785 368 760 656 40 7 
-6 7 49 26 91 81 -10 17 
2 10 5 8 13 7 6 -19 
11 7 10 11 6 9 0 8 
3 -1 8 1 6 1 -5 6 
-2 -1 2 6 -1 9 3 -1 
-2 -4 7 -2 -5 9 -3 6 
2 2 2 2 2 2 2 2 2 2 
799 474 1213
791 489 1380
10 146 669 323 447 343 7 -7 
5 169 799 392 791 614 27 -4 
-7 5 49 20 106 81 -10 -10 
7 8 -2 -2 7 20 -6 1 
8 9 -1 9 5 11 -5 9 
7 3 2 2 5 12 -4 -1 
4 3 -14 4 -7 -1 0 -4 
9 1 0 4 -12 -1 -3 -2 
2 2 2 2 2 2 2 2 2 2 
794 474 1213
827 489 1380
10 148 671 326 468 323 1 -6 
7 176 794 398 827 580 22 -4 
0 15 41 22 111 76 -13 -9 
-6 -1 5 21 11 7 -4 -4 
10 9 -3 7 -8 8 -8 9 
-2 10 4 13 12 7 10 -14 
10 -3 -3 3 4 6 -8 -2 
-4 -1 -2 -7 -10 -2 -15 2 
2 2 2 2 2 2 2 2 2 2 
791 474 1213
833 489 1372
8 140 673 334 485 310 -9 -16 
3 170 791 394 833 555 22 3 
-4 9 42 30 103 73 -10 -14 
-5 7 4 8 9 8 6 2 
0 13 8 4 3 1 2 8 
2 19 0 2 2 4 -1 -2 
1 2 -2 -7 3 1 -7 7 
7 -5 13 -7 -4 -2 -2 -3 
2 2 2 2 2 2 2 2 2 2 
801 474 1213
838 489 1372
15 149 666 333 486 301 0 8 
9 163 801 401 838 563 25 -5 
7 11 31 25 99 53 -15 -15 
-6 -1 0 11 19 24 1 -12 
12 18 7 2 -1 3 6 -3 
0 3 3 9 4 6 8 8 
-3 2 -10 9 3 1 -8 2 
-2 7 4 -1 -6 3 0 -1 
2 2 2 2 2 2 2 2 2 2 
782 474 1213
826 490 1364
22 145 660 333 477 314 2 -35 
8 180 782 408 826 561 31 0 
-1 6 42 25 115 60 -13 -16 
-3 10 4 13 15 11 -7 -4 
12 7 -3 6 3 6 7 12 
-3 -1 12 8 -8 -1 4 5 
9 0 -12 6 -11 1 -4 2 
-3 2 0 5 -6 13 -13 -9 
2 2 2 2 2 2 2 2 2 2 
793 474 1213
838 490 1364
7 140 653 322 474 313 9 -12 
1 167 793 406 838 561 24 -3 
-4 14 52 35 118 72 -13 -14 
-1 -2 -8 11 14 11 9 4 
-2 1 3 6 2 -6 9 2 
2 -1 6 -7 0 3 -3 8 
-4 5 0 -3 0 5 1 -4 
10 -2 5 11 6 -1 -6 4 
2 2 2 2 2 2 2 2 2 2 
779 474 1213
841 491 1357
10 144 672 342 494 300 8 -7 
-5 174 779 395 841 529 12 0 
-3 3 46 20 114 61 -11 -18 
-6 5 5 10 18 13 -1 1 
12 9 -9 15 3 -6 1 1 
1 1 6 7 1 3 0 -3 
4 11 3 7 -4 12 -1 2 
5 -2 0 -6 12 3 -5 -4 
2 2 2 2 2 2 2 2 2 2 
788 474 1213
856 491 1357
10 147 680 343 520 269 -10 -2 
13 183 788 422 856 500 7 -7 
-9 5 44 33 118 65 -10 -19 
-1 1 5 13 13 7 1 -7 
-7 8 3 9 0 -2 2 10 
-8 0 -4 5 0 6 -2 -4 
-7 8 4 13 6 9 -1 -6 
11 2 5 -9 17 12 2 -6 
2 2 2 2 2 2 2 2 2 2 
776 474 1213
869 491 1357
11 147 673 357 520 231 -5 2 
8 171 776 445 869 441 9 -1 
16 19 47 36 141 52 -11 -15 
5 2 -5 15 10 3 -7 1 
8 -2 -5 2 -3 2 6 0 
6 -2 -9 -3 -8 -2 -3 5 
10 6 3 8 -4 4 -15 -2 
10 5 20 1 -7 14 13 1 
2 2 2 2 2 2 2 2 2 2 
790 474 1213
864 492 1351
12 141 668 359 528 206 -2 3 
9 160 790 482 864 403 14 8 
-4 7 37 35 124 44 -16 15 
-4 3 7 8 10 11 3 -3 
3 11 5 -3 -2 16 3 7 
1 5 -4 13 -2 -4 -1 3 
3 0 -9 7 -4 -5 8 -2 
6 10 1 5 -4 8 -4 4 
2 2 2 2 2 2 2 2 2 2 
802 474 1213
875 492 1351
3 146 679 373 537 199 7 8 
-4 174 802 503 875 381 11 -3 
2 7 38 52 134 43 -16 -18 
-4 12 1 5 20 0 -1 -3 
2 4 -4 -3 2 0 2 -6 
4 -3 3 3 1 -2 10 5 
-2 -1 4 15 5 0 -3 -3 
2 -6 2 -12 0 10 -17 0 
2 2 2 2 2 2 2 2 2 2 
788 474 1213
873 492 1351
2 159 661 370 547 202 11 5 
2 174 788 509 873 377 3 -1 
-10 20 62 44 145 51 -19 -23 
0 6 2 18 22 6 6 -3 
2 11 1 8 6 5 4 1 
4 15 12 4 18 3 -2 -2 
-4 5 2 -1 1 5 5 8 
0 -3 -7 1 -1 3 0 3 
2 2 2 2 2 2 2 2 2 2 
797 474 1213
879 492 1351
14 146 669 391 529 203 -9 -11 
5 171 797 501 879 357 3 9 
12 10 42 40 139 42 -5 -22 
-1 12 -1 -4 14 8 -7 15 
7 -3 4 3 -1 -3 -1 9 
-4 -5 0 -1 -6 -1 -6 8 
10 7 -5 2 -6 -14 -5 -3 
-1 -2 4 7 3 14 9 -5 
2 2 2 2 2 2 2 2 2 2 
800 474 1213
887 492 1351
13 140 676 376 546 202 -16 -25 
-3 170 800 509 887 369 6 10 
1 7 46 45 132 39 -10 -21 
0 -2 -5 -5 20 7 -8 -1 
4 -3 2 2 0 11 13 4 
-1 0 -1 7 9 4 1 -3 
0 8 7 1 -3 3 6 -4 
-8 11 3 -3 1 6 8 11 
2 2 2 2 2 2 2 2 2 2 
793 474 1213
874 492 1351
15 143 670 368 532 199 -21 -23 
2 173 793 503 874 361 11 0 
-6 6 34 35 130 40 -21 -19 
-1 4 4 -2 15 -5 1 0 
5 16 4 10 3 3 1 5 
5 7 -3 1 -1 6 3 -1 
3 14 -6 9 0 0 -6 -3 
5 3 2 0 3 3 5 -13 
2 2 2 2 2 2 2 2 2 2 
792 474 1213
870 492 1345
8 140 663 389 532 174 10 8 
5 172 792 536 870 330 4 3 
3 15 43 45 136 42 -9 -17 
-3 9 3 6 8 9 -6 -7 
7 6 2 0 -2 6 -1 14 
-9 14 -1 7 8 5 6 3 
3 6 -15 -5 4 -3 -5 6 
3 -8 3 -3 4 -1 -13 -3 
2 2 2 2 2 2 2 2 2 2 
792 474 1213
863 492 1345
5 151 671 406 534 144 10 3 
9 182 792 572 863 272 4 -9 
3 9 44 34 125 24 -4 -20 
-9 10 13 12 19 9 -5 -5 
11 12 7 9 -1 0 -1 7 
3 6 6 3 5 7 5 5 
-7 -3 4 6 7 11 -4 4 
0 3 -4 -6 -7 -13 0 -14 
2 2 2 2 2 2 2 2 2 2 
803 474 1213
866 492 1345
16 132 675 441 533 121 -7 -25 
9 169 803 638 866 238 0 -3 
-6 9 39 40 139 22 -14 -9 
7 1 12 16 21 7 5 -8 
3 4 1 3 -6 6 2 4 
2 1 6 4 -3 -1 -5 -8 
-7 -3 -6 4 -11 -5 -1 -8 
2 3 7 -7 4 6 -6 3 
2 2 2 2 2 2 2 2 2 2 
799 474 1213
850 492 1345
11 138 664 463 519 110 -7 -13 
6 177 799 646 850 207 -7 -2 
4 8 52 43 124 36 -17 -15 
-4 5 6 13 19 -2 11 -12 
2 1 15 8 4 21 -1 -4 
4 1 1 2 -4 2 -1 6 
7 0 10 3 13 -6 -3 -13 
0 -4 7 6 5 2 4 -3 
2 2 2 2 2 2 2 2 2 2 
788 474 1213
844 491 1338
12 147 666 458 524 104 1 -2 
3 176 788 654 844 203 -4 9 
5 9 39 48 131 27 17 4 
-7 -2 -7 4 13 4 -9 -10 
-2 3 18 9 9 13 1 3 
-1 10 7 8 5 0 3 11 
2 1 -2 5 -6 11 -2 -7 
3 -6 -5 -6 6 0 -6 -4 
2 2 2 2 2 2 2 2 2 2 
784 474 1213
840 491 1338
17 146 661 457 518 104 8 2 
11 173 784 665 840 198 3 -1 
-8 10 47 52 138 17 -12 -15 
-9 11 2 13 3 15 -2 -1 
0 7 -3 4 -1 2 1 6 
-1 4 0 -4 7 1 -7 -1 
2 -4 -5 0 7 -1 3 -3 
-6 -6 7 2 -1 2 -8 -1 
2 2 2 2 2 2 2 2 2 2 
789 474 1213
857 491 1338
4 148 662 462 520 102 -9 -1 
-1 181 789 670 857 198 -4 -5 
10 7 39 52 126 18 -18 15 
-8 8 13 8 24 12 1 3 
9 0 9 5 -4 4 5 -7 
6 3 3 2 0 -8 6 -2 
-3 -2 4 -3 5 -1 -1 5 
7 0 -1 -1 9 -2 -2 -6 
2 2 2 2 2 2 2 2 2 2 
806 474 1213
856 491 1338
15 153 675 456 513 88 -17 -15 
12 180 806 673 856 202 -3 -7 
2 11 37 51 127 12 -16 -19 
-4 -2 1 4 14 13 4 -1 
11 0 -1 -1 1 2 5 5 
-4 -3 -2 -5 3 -6 11 1 
5 -8 -8 -12 -12 0 -5 -9 
12 -15 0 -8 -4 5 -5 8 
2 2 2 2 2 2 2 2 2 2 
806 474 1213
846 491 1332
14 145 664 472 517 77 -17 -17 
4 173 806 678 846 174 -6 -10 
7 14 49 59 139 17 -24 -14 
-14 10 3 10 19 8 -9 -5 
20 7 -16 2 2 11 2 11 
8 -2 5 4 -5 7 3 -9 
-9 -3 3 -6 2 2 1 -12 
3 -13 2 5 -12 3 5 10 
2 2 2 2 2 2 2 2 2 2 
780 474 1213
797 491 1332
14 148 656 503 501 67 20 14 
-4 177 780 722 797 145 9 -4 
-4 20 46 64 119 21 -18 -14 
6 3 -1 12 7 4 -2 17 
11 0 -2 5 4 1 6 1 
-3 -7 10 10 -12 5 -4 -5 
-3 -1 -8 -9 -4 2 -5 -2 
3 -3 5 -1 6 8 -7 0 
2 2 2 2 2 2 2 2 2 2 
799 474 1213
765 491 1332
18 159 680 518 472 51 -11 -15 
-1 189 799 732 765 119 5 0 
2 -1 38 57 123 14 18 -13 
6 2 -1 -3 14 8 0 6 
8 4 -1 -9 -5 7 -3 -3 
16 0 0 6 7 -8 2 5 
3 -8 -11 0 -2 2 -13 -4 
-3 -6 0 4 2 9 -12 -3 
1 1 1 1 1 1 1 1 1 1 
816 474 1213
723 490 1329
5 170 683 495 443 48 -5 -4 
-3 196 816 741 723 112 -5 -6 
5 5 50 79 121 8 -16 -17 
1 13 0 -2 22 0 -5 -6 
4 2 10 9 2 -6 -4 3 
1 6 9 15 -8 1 1 10 
2 -4 -12 3 2 -1 -5 -18 
14 5 -2 3 -1 10 -6 1 
1 1 1 1 1 1 1 1 1 1 
812 474 1221
7 174 687 511 448 40 7 4 
0 198 812 753 713 98 4 5 
5 7 22 64 118 8 -16 -16 
-5 10 16 16 19 11 0 -5 
1 0 -4 8 0 -2 14 -1 
0 2 -1 11 1 -3 2 9 
9 1 6 7 2 5 2 3 
4 -5 10 -5 -6 0 -10 4 
1 1 1 1 1 1 1 1 1 1 
815 474 1221
-1 165 679 498 430 44 14 8 
4 194 815 761 714 105 -1 -2 
3 22 61 71 118 20 -7 -25 
-4 3 -1 13 17 4 7 7 
7 -1 -6 2 -1 -4 3 2 
12 -4 -2 7 0 6 -1 -11 
0 -4 2 13 -5 2 -2 -15 
-2 7 4 -2 11 10 -15 3 
1 1 1 1 1 1 1 1 1 1 
807 475 1231
17 167 679 493 445 42 5 8 
6 196 807 753 710 91 3 -3 
-4 6 47 74 110 6 18 -11 
-2 11 4 -1 14 6 -8 -8 
13 2 0 10 3 7 2 4 
5 8 2 -3 -4 0 -2 -3 
-4 1 2 -1 -5 9 -9 -2 
8 -3 4 -3 1 1 -5 -9 
1 1 1 1 1 1 1 1 1 1 
801 475 1231
10 167 693 518 445 58 6 -3 
9 185 801 755 711 114 9 8 
-1 5 43 65 108 10 -10 -16 
16 3 3 3 11 -1 -4 -13 
-3 3 7 -2 2 -4 15 10 
2 10 0 -8 -10 2 -1 4 
-3 12 -3 3 -6 -6 -3 -4 
-8 10 -6 2 10 3 0 2 
1 1 1 1 1 1 1 1 1 1 
817 476 1238
11 168 680 513 426 51 6 -4 
7 208 817 744 692 87 -20 -9 
4 2 56 64 111 18 -15 -18 
3 1 5 11 -1 12 0 10 
11 4 -2 11 2 -3 4 5 
4 19 7 10 -3 -7 1 5 
3 -6 -11 5 0 2 6 4 
-2 5 7 2 5 2 3 2 
1 1 1 1 1 1 1 1 1 1 
803 476 1238
8 184 681 495 407 36 13 -15 
1 208 803 762 657 92 1 -8 
15 18 36 68 105 11 -12 -20 
5 12 1 3 9 7 2 -7 
9 3 0 7 -5 3 8 0 
6 5 15 8 4 3 -2 -3 
6 12 -4 16 6 0 -5 9 
-3 7 -2 5 2 9 0 -4 
1 1 1 1 1 1 1 1 1 1 
775 476 1238
20 177 679 489 374 24 -13 1 
7 216 775 751 612 69 0 1 
-1 11 44 69 102 0 -18 -13 
7 10 -3 5 20 4 -2 -1 
5 4 6 10 -9 -3 7 -6 
0 12 12 16 -3 1 0 7 
-5 2 -9 -1 -11 10 -7 -1 
6 5 -2 0 -2 6 -4 12 
1 1 1 1 1 1 1 1 1 1 
745 476 1238
14 194 651 485 351 29 1 -1 
9 199 745 739 560 67 -9 6 
-2 10 42 69 103 12 -13 -10 
3 -5 -3 17 7 2 9 -10 
6 6 5 9 -2 8 3 -3 
-6 5 -6 5 -3 0 7 1 
3 -5 5 3 10 15 -8 7 
-2 2 11 5 0 4 -1 -8 
1 1 1 1 1 1 1 1 1 1 
739 478 1244
17 183 624 475 321 21 7 10 
1 214 709 739 532 49 -5 -11 
8 23 39 82 94 8 -9 -14 
7 5 19 13 24 -6 -3 -16 
4 10 -6 5 2 -3 6 0 
0 8 14 9 0 7 -8 10 
5 -2 1 -1 0 7 -3 -3 
-5 7 11 1 -1 3 -6 8 
1 1 1 1 1 1 1 1 1 1 
713 478 1244
27 186 617 479 320 15 -12 -1 
-3 202 711 713 514 40 -12 -13 
6 6 36 73 104 9 4 10 
0 4 4 10 8 -4 -2 -9 
15 -4 1 6 -5 -1 7 3 
-4 4 11 3 2 7 -8 1 
5 4 -10 0 -3 8 -2 2 
7 -4 1 2 -4 6 4 3 
1 1 1 1 1 1 1 1 1 1 
746 478 1244
26 188 617 471 322 18 1 -9 
14 216 716 746 515 49 -8 6 
1 20 38 81 96 4 12 -13 
8 11 -3 21 7 -6 -7 9 
9 -6 -9 6 -7 9 3 12 
0 6 2 13 1 8 -2 -4 
-2 4 -11 -9 -2 2 -5 -7 
18 1 -7 1 1 11 -4 13 
1 1 1 1 1 1 1 1 1 1 
762 478 1244
15 202 638 474 329 22 -5 8 
9 223 727 762 531 49 6 -18 
-8 18 37 95 109 8 12 14 
-3 1 0 14 7 2 -2 -2 
9 -1 7 6 -4 6 3 0 
-1 6 1 -3 -7 7 -3 4 
-9 -3 -6 3 -2 5 -5 -8 
5 -2 7 0 1 13 -7 -5 
1 1 1 1 1 1 1 1 1 1 
740 478 1244
7 196 619 461 321 15 -14 -16 
5 213 714 740 523 47 -3 3 
-11 6 34 66 91 8 -10 -16 
10 9 6 10 7 -5 -7 -6 
6 5 2 12 -4 -1 11 -2 
-4 4 13 13 0 6 0 -6 
9 -2 -7 8 -4 5 3 7 
3 -2 -8 2 -7 -2 1 0 
1 1 1 1 1 1 1 1 1 1 
745 478 1244
10 200 641 481 338 15 -11 -1 
1 209 731 745 537 55 6 -2 
12 14 45 82 106 10 -15 -21 
-6 3 6 11 20 6 0 4 
2 7 13 0 5 -1 2 2 
0 0 4 8 2 1 3 6 
3 3 -1 -1 7 1 -8 -5 
0 8 -1 -6 -2 7 -4 10 
1 1 1 1 1 1 1 1 1 1 
745 478 1244
6 194 644 476 335 29 7 9 
3 214 730 745 534 56 3 -1 
-5 11 41 72 89 2 5 3 
-9 4 4 5 10 2 -4 -7 
-1 4 -9 -2 -5 -3 7 -3 
5 6 -2 4 2 1 11 4 
3 0 -2 -1 7 -2 -4 -12 
1 -9 5 12 -2 6 2 6 
1 1 1 1 1 1 1 1 1 1 
724 478 1244
2 213 633 474 331 21 9 9 
3 207 720 724 531 62 -16 -21 
-5 16 43 77 98 6 -18 -11 
-3 4 -3 8 9 4 -11 7 
7 6 12 0 5 -2 7 8 
1 10 -3 -1 -6 10 -5 6 
-7 3 -2 7 -1 10 -1 1 
4 1 2 9 5 9 -15 -3 
1 1 1 1 1 1 1 1 1 1 
752 478 1244
19 190 635 476 340 19 -22 -22 
1 219 733 752 547 51 -10 -12 
7 11 32 69 100 6 -13 8 
0 5 3 18 15 1 -3 -6 
2 0 -10 3 -11 12 4 -4 
6 11 12 6 7 -2 -9 3 
-2 0 2 12 7 1 -7 -8 
-1 8 2 3 3 2 -8 -5 
1 1 1 1 1 1 1 1 1 1 
735 478 1244
16 187 616 480 318 17 11 8 
2 202 720 735 530 50 1 -1 
2 16 41 82 97 8 -13 -27 
-10 7 5 16 14 3 -8 -7 
5 8 5 15 -1 -2 -2 7 
-1 11 8 2 3 -2 3 7 
-1 -8 1 5 1 -1 7 -8 
0 0 -3 4 2 2 -5 -6 
0 0 0 0 0 0 0 1 1 1 
265 478 1244
7 94 235 182 151 9 12 14 
1 101 260 265 224 34 -13 -6 
-6 24 19 45 61 5 -13 -16 
0 7 2 -1 16 13 -2 -11 
2 7 6 9 3 1 -4 -10 
6 4 0 4 -5 5 -2 -2 
-1 -1 -11 18 6 1 1 -4 
11 -3 8 1 -10 16 -1 -4