**************************************************P2P_Noise SNR Of Each Node*******************************************
TxNum:16
RxNum:36


Signal Of Each Node:
   11.69    93.13   394.46   105.50    20.54    21.40    27.51    22.17    16.96     3.58     6.32    -5.00    -5.91    -4.38    -4.74    -6.23    -2.06    -1.43    -8.02    -7.12    -5.00    -3.85    -3.96    -7.72    -2.00    -2.03    -4.80     0.81    -1.14    -4.66    -7.82    -3.98    -5.18    -3.55    -3.78    -2.18 
   12.82   366.19  1016.63   399.96    22.42     9.48     8.56    -3.45     4.02    -3.45    -6.73    -0.52    -1.74    -1.83    -2.23    -5.33    -0.51     5.02     1.77     1.91    -7.42    -7.97    -3.61    -0.90    -4.11     0.66     1.78     0.46    -0.87    -0.20    -2.34    -4.88    -0.31   -10.79   -11.17    -1.53 
    8.28    72.89   343.16    93.17    16.37    11.13     0.00    -4.23    -4.07     1.93    -3.56    -4.07     3.58    -4.71    -6.00   -10.17   -13.22    -3.62    -4.04    -9.81    -1.13    -3.51     1.78    -5.92    -5.82   -10.47    -6.71    -1.26    -0.40    -4.91    -7.59    -8.48     1.44     2.93    -8.18    -0.54 
    5.21    14.79    35.48    30.41     0.47     4.64     2.39    -1.95     2.26     5.68    -0.02    -2.04    -4.72     0.75    -1.14    -9.10    -5.48    -7.65    -2.29    -4.60    -4.31    -4.36    -1.23    -2.90    -5.91    -4.30     0.16     2.41    -5.34    -3.04    -1.89     0.29    -4.98    -4.83    -1.26    -0.25 
    7.05    -1.87     8.76    16.03     5.87    -5.53    -0.01    -6.87     4.48    -4.58    -1.01    -0.29    -3.24    -0.25     0.89    -2.50    -1.64    -2.73     5.17    -4.16    -2.91     0.87    -3.82    -1.57     0.02     1.25    -6.16     2.14    -8.63    -5.02     0.77    -3.75    -7.00    -1.42    -0.98     1.28 
    6.49    -3.10     5.82     7.37     0.80    -6.37     3.26     2.88     1.71    -2.92    -1.24     0.37     0.93     0.23     0.13    -4.20    -5.33    -5.16    -3.07    -4.75    -5.02    -0.38     2.87    -4.35    -1.23    -2.89    -1.70    -5.79    -5.13    -3.32    -1.45    -1.04     1.11     0.47     3.51    -2.31 
   -1.42    -6.30     3.72     4.76    -0.21     5.63    -3.93     0.50     3.25     0.19    -4.93     1.54    -7.05     3.46    -5.32    -1.67    -3.74     0.48    -0.15    -1.29    -5.20    -3.38   -12.98    -2.42    -5.65    -2.69     1.39    -0.22    -0.17    -0.63     1.91    -7.92     3.21    -2.22    -7.01     1.48 
    1.45     1.88    -1.49    -0.32     1.44     8.64     2.55    -6.68     1.25    -2.69    -1.25    -1.58    -5.47     2.40     4.21    -2.91    -5.28     0.68    -0.85     1.42    -5.90    -5.61     0.01    -4.79    -2.74     0.34    -1.80     1.54    -5.78    -0.56     4.20    -2.19    -1.16     2.06    -4.21     2.33 
    7.07     4.50     0.42     3.88     0.20    -6.56    -0.23    -6.85    -4.36    -9.83    -3.99     3.86    -2.46     6.53     1.22     5.53    -3.24    -1.75     6.26     3.81     3.75    -2.26    -3.48    -5.10     1.44    -2.85    -0.44    -0.67    -1.84     3.55    -2.66    -2.21    -1.67    -0.03     0.37     0.55 
    5.97     2.51     1.13    -0.60    -6.99     0.60    -4.96     2.82     1.01    -4.84    -0.32     2.97     3.09    -2.51    -3.86    -4.04     0.82     1.40     3.37    -1.82    -3.68    -2.28     0.51     3.52     2.86     5.58    -4.45     3.26    -0.85     0.82    -0.45    -6.90    -0.55     3.32     2.98    -0.22 
    2.43     0.94    -1.50     3.88     0.66   -12.33   -11.35    -1.28    -1.50    -1.69    -7.57    -0.53     4.10     2.76    -0.40    -6.48    -4.27    -2.25     0.39    -8.44    -2.89     3.04    -9.85    -0.15     3.33    -2.78    -0.42    -0.97     2.46     1.47     2.32     2.00    -2.61    -2.50    -5.19     2.54 
    1.06     2.25    -0.99     7.56     3.41    -3.76     0.95    -6.73    -0.82     0.27    -0.01    -5.76    -4.43    -2.70     3.74     2.59    -0.06    -2.72    -2.35    -0.82    -4.65     5.33    -0.67     0.97     2.20     0.15     0.74    -0.56    -0.16     5.98    -3.55     0.84    -5.37    -0.42     4.89    -1.98 
    4.31     2.74     3.40     2.69     2.86    -7.32    -7.50     4.96     0.61    -0.24    -8.43     0.76     1.60   -10.77    -4.30     2.87    -4.48     0.46    -7.75     4.96     3.30     2.29     1.14    -0.51    -2.55    -0.78     1.07     0.69    -6.70     2.85     1.96    -2.45    -1.97     0.67     6.02    -0.26 
    0.33     3.16     3.87    -2.80    -1.05     1.88    -0.06     2.14    -3.76    -3.11     0.37    -4.11    -4.86    -1.37    -4.49    -0.38     1.07    -1.29     2.27     0.09     1.03    -0.15    -7.09    -0.36     1.39    -2.98     0.39    -3.40     1.01     2.20    -1.75     3.33     1.33    -1.07     1.57    -2.23 
    3.92    -9.54    -5.83    -4.45    -1.76    -0.47    -4.53     5.53     3.24    -0.48    -1.26    -6.96    -2.61    -0.38    -2.93     2.18     2.70     4.35   -10.25    -3.34    -6.40     4.88     3.34     4.07     2.24    -2.07    -0.73    -0.73     3.36    -2.08    -3.20    -1.94     2.68     1.92    -4.10    -0.56 
    0.83     0.60     7.15    -0.05    -3.83    -2.95    -3.97    -4.29    -1.11    -5.07    -4.22    -4.89    -5.65    -0.20    -0.53     1.66    -3.89    -2.94     2.56    -0.15     2.15     1.04    -4.08    -0.17     2.53     0.83    -0.70     2.37     1.59     2.44     1.80    -2.06     3.83    -1.08    -3.66    -1.62 
    0.00     0.00     0.00     0.00     0.00     0.00     0.00     0.00     0.00     0.00     0.00     0.00     0.00     0.00     0.00     0.00     0.00     0.00     0.00     0.00     0.00     0.00     0.00     0.00     0.00     0.00     0.00     0.00     0.00     0.00     0.00     0.00     0.00     0.00     0.00     0.00 
    0.00     0.00     0.00     0.00     0.00     0.00     0.00     0.00     0.00     0.00     0.00     0.00     0.00     0.00     0.00     0.00 
   14.12    75.31   313.85   102.90    21.36    14.48    16.22    14.64    19.81     1.90    10.41     5.78    -2.23     8.49    10.05    10.24    -0.06     1.54    -0.13     5.46    -0.08   -16.90    -8.24    -8.04    -4.06    -6.95    -3.96    -3.31     1.77    10.86     1.79     0.66    -4.57   -11.09     3.97    -2.94 
    0.00     0.00     0.00     0.00     0.00     0.00     0.00     0.00     0.00     0.00     0.00     0.00     0.00     0.00     0.00     0.00 


P2P Noise Of Each Node:
      44       73      105       60       51       51       73       69       51       45       32       34       40       36       58       35       35       31       54       42       31       35       49       48       29       33       33       28       24       34       44       37       38       35       43       33 
      44       96       92       94       57       50       50       34       38       30       33       28       31       40       42       25       33       29       34       32       33       29       37       23       26       27       28       28       24       34       33       36       32       48       47       34 
      38       83      121       70       56       58       38       47       38       35       29       37       35       43       52       33       41       37       42       38       29       30       48       28       30       38       35       24       31       30       35       33       31       33       42       36 
      38       50       81       55       41       44       40       38       33       40       28       30       42       31       43       36       30       35       26       33       28       32       36       27       38       33       35       26       36       32       31       29       39       35       38       32 
      39       55       65       55       47       34       34       31       27       33       33       27       29       34       41       26       25       26       39       34       32       26       43       36       28       31       28       30       45       29       33       39       42       30       45       38 
      54       39       58       48       35       37       40       30       30       36       32       25       25       38       45       25       28       28       39       36       27       26       32       31       29       28       24       34       28       26       31       26       30       29       42       39 
      31       34       60       37       32       40       35       38       42       32       31       31       29       33       43       27       25       36       41       28       27       29       51       29       32       29       32       28       29       28       28       44       27       33       37       46 
      42       38       68       30       29       47       34       36       29       34       30       24       39       36       42       29       29       30       38       26       33       43       36       30       29       26       29       26       33       29       33       28       30       32       45       33 
      40       37       70       35       31       39       33       38       25       39       30       28       28       38       41       31       35       32       47       40       34       35       26       29       32       32       25       25       24       28       29       30       25       41       38       43 
      40       34       52       31       41       39       35       41       37       36       28       30       35       38       43       26       32       27       39       32       29       25       44       29       28       36       37       34       27       29       29       35       34       38       37       30 
      40       42       60       34       28       43       38       32       27       29       40       23       36       35       39       30       26       30       33       39       25       36       45       25       34       35       27       22       30       31       40       40       27       33       45       37 
      37       37       57       36       39       43       32       42       30       36       26       30       36       35       37       23       33       31       43       34       28       30       35       33       29       21       22       24       24       37       28       35       44       34       43       36 
      38       38       61       34       32       46       37       43       28       38       40       27       37       43       43       27       30       37       38       31       27       26       38       31       26       35       27       37       29       36       35       37       27       33       44       35 
      33       41       71       28       30       56       41       39       32       26       24       33       32       30       36       26       29       29       41       25       29       31       43       41       37       34       22       25       28       32       34       30       37       34       34       32 
      39       45       62       38       32       41       36       43       35       33       27       29       32       44       46       28       27       29       37       30       36       33       35       29       31       28       31       32       33       31       33       32       40       32       42       35 
      39       34       46       33       27       31       29       43       28       36       29       35       33       30       35       33       29       25       35       34       33       23       36       33       27       31       20       30       27       39       35       32       35       38       33       30 
       0        0        0        0        0        0        0        0        0        0        0        0        0        0        0        0        0        0        0        0        0        0        0        0        0        0        0        0        0        0        0        0        0        0        0        0 
       0        0        0        0        0        0        0        0        0        0        0        0        0        0        0        0 
      37       61       52       68       40       46       40       54       48       39       64       35       46       49       60       37       39       45       59       37       50       36       49       55       35       38       50       47       56       47       40       40       41       48       55       35 
       0        0        0        0        0        0        0        0        0        0        0        0        0        0        0        0 


SNR_P2P Of Each Node:
  -11.51     2.12    11.50     4.90    -7.90    -7.54    -8.48    -9.86    -9.56   -21.99   -14.09     0.00     0.00     0.00     0.00     0.00     0.00     0.00     0.00     0.00     0.00     0.00     0.00     0.00     0.00     0.00     0.00   -30.77     0.00     0.00     0.00     0.00     0.00     0.00     0.00     0.00 
  -10.71    11.63    20.87    12.58    -8.10   -14.44   -15.33     0.00   -19.51     0.00     0.00     0.00     0.00     0.00     0.00     0.00     0.00   -15.23   -25.67   -24.48     0.00     0.00     0.00     0.00     0.00   -32.24   -23.93   -35.69     0.00     0.00     0.00     0.00     0.00     0.00     0.00     0.00 
  -13.24    -1.13     9.05     2.48   -10.68   -14.34     0.00     0.00     0.00   -25.17     0.00     0.00   -19.80     0.00     0.00     0.00     0.00     0.00     0.00     0.00     0.00     0.00   -28.62     0.00     0.00     0.00     0.00     0.00     0.00     0.00     0.00     0.00   -26.66   -21.03     0.00     0.00 
  -17.26   -10.58    -7.17    -5.15   -38.81   -19.54   -24.47     0.00   -23.29   -16.95     0.00     0.00     0.00   -32.33     0.00     0.00     0.00     0.00     0.00     0.00     0.00     0.00     0.00     0.00     0.00     0.00   -46.80   -20.66     0.00     0.00     0.00   -40.00     0.00     0.00     0.00     0.00 
  -14.86     0.00   -17.41   -10.71   -18.07     0.00     0.00     0.00   -15.60     0.00     0.00     0.00     0.00     0.00   -33.27     0.00     0.00     0.00   -17.55     0.00     0.00   -29.51     0.00     0.00   -62.92   -27.89     0.00   -22.93     0.00     0.00   -32.64     0.00     0.00     0.00     0.00   -29.45 
  -18.40     0.00   -19.97   -16.28   -32.82     0.00   -21.78   -20.35   -24.88     0.00     0.00   -36.59   -28.59   -44.36   -50.79     0.00     0.00     0.00     0.00     0.00     0.00     0.00   -20.95     0.00     0.00     0.00     0.00     0.00     0.00     0.00     0.00     0.00   -28.64   -35.81   -21.56     0.00 
    0.00     0.00   -24.15   -17.81     0.00   -17.03     0.00   -37.62   -22.23   -44.53     0.00   -26.08     0.00   -19.59     0.00     0.00     0.00   -37.50     0.00     0.00     0.00     0.00     0.00     0.00     0.00     0.00   -27.24     0.00     0.00     0.00   -23.32     0.00   -18.50     0.00     0.00   -29.85 
  -29.24   -26.11     0.00     0.00   -26.08   -14.71   -22.50     0.00   -27.31     0.00     0.00     0.00     0.00   -23.52   -19.98     0.00     0.00   -32.89     0.00   -25.25     0.00     0.00   -71.13     0.00     0.00   -37.67     0.00   -24.55     0.00     0.00   -17.91     0.00     0.00   -23.83     0.00   -23.02 
  -15.05   -18.30   -44.44   -19.10   -43.81     0.00     0.00     0.00     0.00     0.00     0.00   -17.21     0.00   -15.30   -30.53   -14.97     0.00     0.00   -17.51   -20.42   -19.15     0.00     0.00     0.00   -26.94     0.00     0.00     0.00     0.00   -17.94     0.00     0.00     0.00     0.00   -40.23   -37.86 
  -16.52   -22.64   -33.26     0.00     0.00   -36.26     0.00   -23.25   -31.28     0.00     0.00   -20.09   -21.08     0.00     0.00     0.00   -31.83   -25.70   -21.27     0.00     0.00     0.00   -38.72   -18.32   -19.82   -16.19     0.00   -20.37     0.00   -30.97     0.00     0.00     0.00   -21.17   -21.88     0.00 
  -24.33   -33.00     0.00   -18.85   -32.55     0.00     0.00     0.00     0.00     0.00     0.00     0.00   -18.87   -22.06     0.00     0.00     0.00     0.00   -38.55     0.00     0.00   -21.47     0.00     0.00   -20.18     0.00     0.00     0.00   -21.72   -26.48   -24.73   -26.02     0.00     0.00     0.00   -23.27 
  -30.86   -24.32     0.00   -13.56   -21.17     0.00   -30.55     0.00     0.00   -42.50     0.00     0.00     0.00     0.00   -19.91   -18.97     0.00     0.00     0.00     0.00     0.00   -15.01     0.00   -30.63   -22.40   -42.92   -29.46     0.00     0.00   -15.83     0.00   -32.40     0.00     0.00   -18.88     0.00 
  -18.91   -22.84   -25.08   -22.03   -20.98     0.00     0.00   -18.76   -33.24     0.00     0.00   -31.01   -27.28     0.00     0.00   -19.47     0.00   -38.11     0.00   -15.92   -18.26   -21.10   -30.46     0.00     0.00     0.00   -28.04   -34.59     0.00   -22.03   -25.04     0.00     0.00   -33.85   -17.28     0.00 
  -40.00   -22.26   -25.27     0.00     0.00   -29.48     0.00   -25.21     0.00     0.00   -36.24     0.00     0.00     0.00     0.00     0.00   -28.66     0.00   -25.14   -48.87   -28.99     0.00     0.00     0.00   -28.50     0.00   -35.03     0.00   -28.86   -23.25     0.00   -19.09   -28.89     0.00   -26.71     0.00 
  -19.96     0.00     0.00     0.00     0.00     0.00     0.00   -17.81   -20.67     0.00     0.00     0.00     0.00     0.00     0.00   -22.17   -20.00   -16.48     0.00     0.00     0.00   -16.60   -20.41   -17.06   -22.82     0.00     0.00     0.00   -19.84     0.00     0.00     0.00   -23.48   -24.44     0.00     0.00 
  -33.44   -35.07   -16.17     0.00     0.00     0.00     0.00     0.00     0.00     0.00     0.00     0.00     0.00     0.00     0.00   -25.97     0.00     0.00   -22.72     0.00   -23.72   -26.89     0.00     0.00   -20.56   -31.45     0.00   -22.05   -24.60   -24.07   -25.78     0.00   -19.22     0.00     0.00     0.00 
    0.00     0.00     0.00     0.00     0.00     0.00     0.00     0.00     0.00     0.00     0.00     0.00     0.00     0.00     0.00     0.00     0.00     0.00     0.00     0.00     0.00     0.00     0.00     0.00     0.00     0.00     0.00     0.00     0.00     0.00     0.00     0.00     0.00     0.00     0.00     0.00 
    0.00     0.00     0.00     0.00     0.00     0.00     0.00     0.00     0.00     0.00     0.00     0.00     0.00     0.00     0.00     0.00 
   -8.37     1.83    15.61     3.60    -5.45   -10.04    -7.84   -11.34    -7.69   -26.25   -15.77   -15.64     0.00   -15.23   -15.52   -11.16     0.00   -29.31     0.00   -16.62     0.00     0.00     0.00     0.00     0.00     0.00     0.00     0.00   -30.00   -12.73   -26.98   -35.65     0.00     0.00   -22.83     0.00 
    0.00     0.00     0.00     0.00     0.00     0.00     0.00     0.00     0.00     0.00     0.00     0.00     0.00     0.00     0.00     0.00 


