**************************************************RMS Noise SNR Each Node*******************************************
TxNum:16
RxNum:36


Signal Of Each Node:
   11.69    93.13   394.46   105.50    20.54    21.40    27.51    22.17    16.96     3.58     6.32    -5.00    -5.91    -4.38    -4.74    -6.23    -2.06    -1.43    -8.02    -7.12    -5.00    -3.85    -3.96    -7.72    -2.00    -2.03    -4.80     0.81    -1.14    -4.66    -7.82    -3.98    -5.18    -3.55    -3.78    -2.18 
   12.82   366.19  1016.63   399.96    22.42     9.48     8.56    -3.45     4.02    -3.45    -6.73    -0.52    -1.74    -1.83    -2.23    -5.33    -0.51     5.02     1.77     1.91    -7.42    -7.97    -3.61    -0.90    -4.11     0.66     1.78     0.46    -0.87    -0.20    -2.34    -4.88    -0.31   -10.79   -11.17    -1.53 
    8.28    72.89   343.16    93.17    16.37    11.13     0.00    -4.23    -4.07     1.93    -3.56    -4.07     3.58    -4.71    -6.00   -10.17   -13.22    -3.62    -4.04    -9.81    -1.13    -3.51     1.78    -5.92    -5.82   -10.47    -6.71    -1.26    -0.40    -4.91    -7.59    -8.48     1.44     2.93    -8.18    -0.54 
    5.21    14.79    35.48    30.41     0.47     4.64     2.39    -1.95     2.26     5.68    -0.02    -2.04    -4.72     0.75    -1.14    -9.10    -5.48    -7.65    -2.29    -4.60    -4.31    -4.36    -1.23    -2.90    -5.91    -4.30     0.16     2.41    -5.34    -3.04    -1.89     0.29    -4.98    -4.83    -1.26    -0.25 
    7.05    -1.87     8.76    16.03     5.87    -5.53    -0.01    -6.87     4.48    -4.58    -1.01    -0.29    -3.24    -0.25     0.89    -2.50    -1.64    -2.73     5.17    -4.16    -2.91     0.87    -3.82    -1.57     0.02     1.25    -6.16     2.14    -8.63    -5.02     0.77    -3.75    -7.00    -1.42    -0.98     1.28 
    6.49    -3.10     5.82     7.37     0.80    -6.37     3.26     2.88     1.71    -2.92    -1.24     0.37     0.93     0.23     0.13    -4.20    -5.33    -5.16    -3.07    -4.75    -5.02    -0.38     2.87    -4.35    -1.23    -2.89    -1.70    -5.79    -5.13    -3.32    -1.45    -1.04     1.11     0.47     3.51    -2.31 
   -1.42    -6.30     3.72     4.76    -0.21     5.63    -3.93     0.50     3.25     0.19    -4.93     1.54    -7.05     3.46    -5.32    -1.67    -3.74     0.48    -0.15    -1.29    -5.20    -3.38   -12.98    -2.42    -5.65    -2.69     1.39    -0.22    -0.17    -0.63     1.91    -7.92     3.21    -2.22    -7.01     1.48 
    1.45     1.88    -1.49    -0.32     1.44     8.64     2.55    -6.68     1.25    -2.69    -1.25    -1.58    -5.47     2.40     4.21    -2.91    -5.28     0.68    -0.85     1.42    -5.90    -5.61     0.01    -4.79    -2.74     0.34    -1.80     1.54    -5.78    -0.56     4.20    -2.19    -1.16     2.06    -4.21     2.33 
    7.07     4.50     0.42     3.88     0.20    -6.56    -0.23    -6.85    -4.36    -9.83    -3.99     3.86    -2.46     6.53     1.22     5.53    -3.24    -1.75     6.26     3.81     3.75    -2.26    -3.48    -5.10     1.44    -2.85    -0.44    -0.67    -1.84     3.55    -2.66    -2.21    -1.67    -0.03     0.37     0.55 
    5.97     2.51     1.13    -0.60    -6.99     0.60    -4.96     2.82     1.01    -4.84    -0.32     2.97     3.09    -2.51    -3.86    -4.04     0.82     1.40     3.37    -1.82    -3.68    -2.28     0.51     3.52     2.86     5.58    -4.45     3.26    -0.85     0.82    -0.45    -6.90    -0.55     3.32     2.98    -0.22 
    2.43     0.94    -1.50     3.88     0.66   -12.33   -11.35    -1.28    -1.50    -1.69    -7.57    -0.53     4.10     2.76    -0.40    -6.48    -4.27    -2.25     0.39    -8.44    -2.89     3.04    -9.85    -0.15     3.33    -2.78    -0.42    -0.97     2.46     1.47     2.32     2.00    -2.61    -2.50    -5.19     2.54 
    1.06     2.25    -0.99     7.56     3.41    -3.76     0.95    -6.73    -0.82     0.27    -0.01    -5.76    -4.43    -2.70     3.74     2.59    -0.06    -2.72    -2.35    -0.82    -4.65     5.33    -0.67     0.97     2.20     0.15     0.74    -0.56    -0.16     5.98    -3.55     0.84    -5.37    -0.42     4.89    -1.98 
    4.31     2.74     3.40     2.69     2.86    -7.32    -7.50     4.96     0.61    -0.24    -8.43     0.76     1.60   -10.77    -4.30     2.87    -4.48     0.46    -7.75     4.96     3.30     2.29     1.14    -0.51    -2.55    -0.78     1.07     0.69    -6.70     2.85     1.96    -2.45    -1.97     0.67     6.02    -0.26 
    0.33     3.16     3.87    -2.80    -1.05     1.88    -0.06     2.14    -3.76    -3.11     0.37    -4.11    -4.86    -1.37    -4.49    -0.38     1.07    -1.29     2.27     0.09     1.03    -0.15    -7.09    -0.36     1.39    -2.98     0.39    -3.40     1.01     2.20    -1.75     3.33     1.33    -1.07     1.57    -2.23 
    3.92    -9.54    -5.83    -4.45    -1.76    -0.47    -4.53     5.53     3.24    -0.48    -1.26    -6.96    -2.61    -0.38    -2.93     2.18     2.70     4.35   -10.25    -3.34    -6.40     4.88     3.34     4.07     2.24    -2.07    -0.73    -0.73     3.36    -2.08    -3.20    -1.94     2.68     1.92    -4.10    -0.56 
    0.83     0.60     7.15    -0.05    -3.83    -2.95    -3.97    -4.29    -1.11    -5.07    -4.22    -4.89    -5.65    -0.20    -0.53     1.66    -3.89    -2.94     2.56    -0.15     2.15     1.04    -4.08    -0.17     2.53     0.83    -0.70     2.37     1.59     2.44     1.80    -2.06     3.83    -1.08    -3.66    -1.62 
    0.00     0.00     0.00     0.00     0.00     0.00     0.00     0.00     0.00     0.00     0.00     0.00     0.00     0.00     0.00     0.00     0.00     0.00     0.00     0.00     0.00     0.00     0.00     0.00     0.00     0.00     0.00     0.00     0.00     0.00     0.00     0.00     0.00     0.00     0.00     0.00 
    0.00     0.00     0.00     0.00     0.00     0.00     0.00     0.00     0.00     0.00     0.00     0.00     0.00     0.00     0.00     0.00 
   14.12    75.31   313.85   102.90    21.36    14.48    16.22    14.64    19.81     1.90    10.41     5.78    -2.23     8.49    10.05    10.24    -0.06     1.54    -0.13     5.46    -0.08   -16.90    -8.24    -8.04    -4.06    -6.95    -3.96    -3.31     1.77    10.86     1.79     0.66    -4.57   -11.09     3.97    -2.94 
    0.00     0.00     0.00     0.00     0.00     0.00     0.00     0.00     0.00     0.00     0.00     0.00     0.00     0.00     0.00     0.00 


RMS Noise Of Each Node:
    9.53    14.47    18.77    11.70    11.71    13.80    18.54    17.45    12.64     8.63     7.02     6.75     8.15     7.03    10.29     7.45     5.59     5.86    10.43     8.41     6.60     6.12     8.19    10.61     5.44     6.71     6.62     5.60     5.82     7.60     8.92     7.69     7.45     7.06     8.39     6.07 
   10.14    19.39    18.56    20.55    11.74    10.39     9.20     7.46     7.10     5.62     7.09     5.57     5.78     6.28     7.91     5.42     6.15     6.71     7.32     5.89     7.52     6.35     7.88     4.22     5.94     5.45     5.34     5.28     4.46     6.01     5.95     6.36     6.43     9.17     9.55     6.75 
    8.15    17.74    23.27    15.57    13.38    12.64     7.98     8.72     7.76     7.42     6.24     7.65     7.52     8.70    10.66     7.24     8.77     6.26     8.41     8.29     5.52     6.15     7.35     6.59     5.74     7.45     7.15     5.15     5.78     6.76     7.07     7.14     5.65     6.61     9.37     6.54 
    8.11    10.95    16.75    12.71     6.61     8.21     7.39     7.34     6.68     8.02     4.95     5.57     7.51     6.08     8.48     7.96     7.68     7.52     5.96     6.95     5.27     6.91     7.88     5.69     7.35     6.62     5.76     5.28     7.77     6.07     5.94     5.65     7.73     7.13     7.08     7.08 
    8.32     9.23    13.34    11.00     8.21     6.71     7.06     6.94     6.41     5.90     5.52     5.05     6.29     7.01     8.37     5.29     5.03     5.63     9.06     6.37     5.53     5.40     7.71     5.58     5.20     5.60     6.33     5.60     8.02     6.39     6.26     6.44     7.52     4.99     7.48     7.19 
    9.04     6.98    11.21    10.42     7.22     7.08     6.63     6.53     5.77     7.01     5.77     5.45     5.00     6.83     8.26     5.45     6.24     6.09     7.44     6.66     5.57     5.08     6.47     5.37     5.16     5.84     5.15     6.86     5.71     5.18     6.50     5.23     6.80     6.15     8.39     6.74 
    6.42     8.22    12.12     7.78     5.82     7.95     7.47     7.32     7.57     6.93     5.91     5.52     5.86     6.66     8.10     5.73     5.43     6.13     6.89     5.95     5.93     6.11     8.97     5.53     6.39     5.48     5.63     5.44     5.07     5.40     5.68     7.26     6.24     6.11     8.93     7.48 
    6.38     7.38    11.63     6.38     6.07     9.94     6.68     7.11     5.34     6.56     5.20     5.23     6.12     6.53     7.71     5.52     5.78     6.08     7.37     5.59     6.48     6.76     7.24     6.08     5.55     4.82     5.70     5.57     5.96     6.15     7.11     4.99     5.55     7.43     8.25     6.64 
    7.99     7.49     9.54     6.25     6.59     7.31     6.75     7.55     5.66     8.38     6.38     5.76     6.21     7.48     8.59     6.46     6.51     6.13     9.27     7.21     6.32     6.46     6.21     5.64     5.85     6.44     4.95     5.02     5.75     7.36     6.40     6.05     5.94     6.24     7.88     7.29 
    8.39     7.37     9.03     5.87     8.30     7.60     7.77     7.65     6.03     7.11     5.41     5.92     7.36     6.40     9.18     5.18     5.75     5.23     7.40     6.39     5.79     5.74     8.39     6.28     6.03     8.00     5.89     5.53     5.37     6.49     6.43     6.82     6.70     6.47     7.12     6.11 
    7.48     7.50     9.47     7.11     5.99     8.77     8.48     6.99     5.63     6.10     6.65     5.03     6.91     6.97     7.98     5.94     5.83     4.83     6.83     6.79     5.38     6.25     8.34     5.32     6.41     5.94     5.17     5.01     5.97     6.05     7.47     7.44     5.91     6.53     8.59     8.20 
    6.46     7.51    10.71     7.86     8.14     7.56     6.65     8.63     5.90     6.63     5.21     6.41     6.98     6.92     7.71     5.47     5.93     4.92     6.92     6.40     5.37     6.63     6.76     5.15     5.78     5.19     5.06     5.10     4.99     7.10     6.55     5.85     8.58     6.37     7.68     7.30 
    7.32     6.89    11.21     7.28     6.20     9.39     7.92     8.08     5.95     7.36     8.76     5.36     6.90     9.00     8.61     5.56     5.58     5.88     7.98     7.31     6.17     5.22     6.53     5.33     5.05     5.96     5.05     4.98     6.17     7.93     6.51     7.06     5.76     6.40     9.46     6.90 
    6.78     7.49    11.13     6.44     6.02     8.14     7.06     7.84     6.33     5.76     5.36     6.74     6.65     6.21     7.24     5.23     5.51     4.69     6.49     5.15     5.81     5.02     8.15     6.06     5.94     5.72     4.92     5.72     5.30     6.62     6.43     5.32     6.74     6.34     7.49     6.99 
    6.75     8.65    11.20     6.80     6.33     7.16     7.68     7.86     6.47     5.96     5.68     6.26     6.07     6.07     8.41     5.61     5.85     5.68     9.48     5.64     6.89     6.39     7.24     6.22     6.38     5.55     5.80     5.38     6.60     6.33     6.23     5.82     7.10     7.11     7.47     7.05 
    7.20     7.17    10.14     6.47     6.28     6.18     6.60     8.66     6.05     7.10     5.92     5.83     6.61     5.41     7.52     6.15     5.92     5.36     7.49     5.80     5.52     4.90     7.62     5.47     6.04     6.01     4.50     6.13     5.23     7.66     6.75     6.45     7.17     6.96     6.74     6.48 
    0.00     0.00     0.00     0.00     0.00     0.00     0.00     0.00     0.00     0.00     0.00     0.00     0.00     0.00     0.00     0.00     0.00     0.00     0.00     0.00     0.00     0.00     0.00     0.00     0.00     0.00     0.00     0.00     0.00     0.00     0.00     0.00     0.00     0.00     0.00     0.00 
    0.00     0.00     0.00     0.00     0.00     0.00     0.00     0.00     0.00     0.00     0.00     0.00     0.00     0.00     0.00     0.00 
    7.17    12.56     9.82    12.77     8.39     9.50     8.93    10.55     9.21     8.21    10.30     7.83     8.89     9.06     9.82     8.67     8.80     9.35    10.40     8.40     9.17     7.32     8.19    10.52     7.49     6.75     8.98     8.71    10.21    10.53     9.59     8.81     7.83     9.76     9.74     7.12 
    0.00     0.00     0.00     0.00     0.00     0.00     0.00     0.00     0.00     0.00     0.00     0.00     0.00     0.00     0.00     0.00 


SNR_RMS Of Each Node:
    1.77    16.17    26.45    19.10     4.88     3.81     3.43     2.08     2.55    -7.65    -0.91     0.00     0.00     0.00     0.00     0.00     0.00     0.00     0.00     0.00     0.00     0.00     0.00     0.00     0.00     0.00     0.00   -16.79     0.00     0.00     0.00     0.00     0.00     0.00     0.00     0.00 
    2.04    25.52    34.77    25.79     5.62    -0.79    -0.63     0.00    -4.94     0.00     0.00     0.00     0.00     0.00     0.00     0.00     0.00    -2.52   -12.34    -9.79     0.00     0.00     0.00     0.00     0.00   -18.33    -9.55   -21.20     0.00     0.00     0.00     0.00     0.00     0.00     0.00     0.00 
    0.13    12.27    23.37    15.54     1.75    -1.10     0.00     0.00     0.00   -11.70     0.00     0.00    -6.45     0.00     0.00     0.00     0.00     0.00     0.00     0.00     0.00     0.00   -12.32     0.00     0.00     0.00     0.00     0.00     0.00     0.00     0.00     0.00   -11.87    -7.07     0.00     0.00 
   -3.85     2.61     6.52     7.58   -22.96    -4.95    -9.81     0.00    -9.41    -3.00     0.00     0.00     0.00   -18.18     0.00     0.00     0.00     0.00     0.00     0.00     0.00     0.00     0.00     0.00     0.00     0.00   -31.13    -6.82     0.00     0.00     0.00   -25.79     0.00     0.00     0.00     0.00 
   -1.44     0.00    -3.65     3.27    -2.92     0.00     0.00     0.00    -3.11     0.00     0.00     0.00     0.00     0.00   -19.47     0.00     0.00     0.00    -4.87     0.00     0.00   -15.86     0.00     0.00   -48.30   -13.03     0.00    -8.36     0.00     0.00   -18.21     0.00     0.00     0.00     0.00   -14.99 
   -2.88     0.00    -5.70    -3.00   -19.11     0.00    -6.17    -7.12   -10.56     0.00     0.00   -23.37   -14.62   -29.45   -36.06     0.00     0.00     0.00     0.00     0.00     0.00     0.00    -7.06     0.00     0.00     0.00     0.00     0.00     0.00     0.00     0.00     0.00   -15.74   -22.34    -7.57     0.00 
    0.00     0.00   -10.26    -4.27     0.00    -3.00     0.00   -23.31    -7.35   -31.24     0.00   -11.09     0.00    -5.69     0.00     0.00     0.00   -22.13     0.00     0.00     0.00     0.00     0.00     0.00     0.00     0.00   -12.15     0.00     0.00     0.00    -9.46     0.00    -5.77     0.00     0.00   -14.08 
  -12.87   -11.88     0.00     0.00   -12.50    -1.22    -8.37     0.00   -12.61     0.00     0.00     0.00     0.00    -8.70    -5.26     0.00     0.00   -19.03     0.00   -11.91     0.00     0.00   -57.20     0.00     0.00   -23.04     0.00   -11.16     0.00     0.00    -4.58     0.00     0.00   -11.14     0.00    -9.10 
   -1.06    -4.43   -27.12    -4.14   -30.36     0.00     0.00     0.00     0.00     0.00     0.00    -3.47     0.00    -1.18   -16.95    -1.36     0.00     0.00    -3.41    -5.54    -4.54     0.00     0.00     0.00   -12.18     0.00     0.00     0.00     0.00    -6.33     0.00     0.00     0.00     0.00   -26.57   -22.44 
   -2.96    -9.36   -18.05     0.00     0.00   -22.05     0.00    -8.67   -15.52     0.00     0.00    -5.99    -7.54     0.00     0.00     0.00   -16.92   -11.45    -6.83     0.00     0.00     0.00   -24.32    -5.03    -6.49    -3.12     0.00    -4.58     0.00   -17.97     0.00     0.00     0.00    -5.80    -7.57     0.00 
   -9.77   -18.04     0.00    -5.26   -19.16     0.00     0.00     0.00     0.00     0.00     0.00     0.00    -4.54    -8.05     0.00     0.00     0.00     0.00   -24.87     0.00     0.00    -6.26     0.00     0.00    -5.69     0.00     0.00     0.00    -7.71   -12.28   -10.15   -11.41     0.00     0.00     0.00   -10.18 
  -15.70   -10.47     0.00    -0.33    -7.56     0.00   -16.90     0.00     0.00   -27.80     0.00     0.00     0.00     0.00    -6.28    -6.50     0.00     0.00     0.00     0.00     0.00    -1.90     0.00   -14.50    -8.40   -30.77   -16.69     0.00     0.00    -1.49     0.00   -16.85     0.00     0.00    -3.93     0.00 
   -4.60    -8.01   -10.36    -8.65    -6.73     0.00     0.00    -4.24   -19.79     0.00     0.00   -16.97   -12.69     0.00     0.00    -5.75     0.00   -22.14     0.00    -3.37    -5.44    -7.15   -15.16     0.00     0.00     0.00   -13.49   -17.16     0.00    -8.89   -10.43     0.00     0.00   -19.60    -3.93     0.00 
  -26.25    -7.50    -9.18     0.00     0.00   -12.73     0.00   -11.28     0.00     0.00   -23.22     0.00     0.00     0.00     0.00     0.00   -14.24     0.00    -9.13   -35.15   -15.03     0.00     0.00     0.00   -12.62     0.00   -22.02     0.00   -14.40    -9.57     0.00    -4.07   -14.09     0.00   -13.57     0.00 
   -4.72     0.00     0.00     0.00     0.00     0.00     0.00    -3.05    -6.00     0.00     0.00     0.00     0.00     0.00     0.00    -8.21    -6.72    -2.32     0.00     0.00     0.00    -2.34    -6.72    -3.69    -9.09     0.00     0.00     0.00    -5.86     0.00     0.00     0.00    -8.47   -11.37     0.00     0.00 
  -18.77   -21.55    -3.04     0.00     0.00     0.00     0.00     0.00     0.00     0.00     0.00     0.00     0.00     0.00     0.00   -11.37     0.00     0.00    -9.33     0.00    -8.19   -13.47     0.00     0.00    -7.56   -17.19     0.00    -8.26   -10.33    -9.94   -11.49     0.00    -5.45     0.00     0.00     0.00 
    0.00     0.00     0.00     0.00     0.00     0.00     0.00     0.00     0.00     0.00     0.00     0.00     0.00     0.00     0.00     0.00     0.00     0.00     0.00     0.00     0.00     0.00     0.00     0.00     0.00     0.00     0.00     0.00     0.00     0.00     0.00     0.00     0.00     0.00     0.00     0.00 
    0.00     0.00     0.00     0.00     0.00     0.00     0.00     0.00     0.00     0.00     0.00     0.00     0.00     0.00     0.00     0.00 
    5.88    15.55    30.09    18.12     8.12     3.66     5.19     2.84     6.66   -12.71     0.09    -2.64     0.00    -0.57     0.20     1.44     0.00   -15.66     0.00    -3.74     0.00     0.00     0.00     0.00     0.00     0.00     0.00     0.00   -15.22     0.26   -14.58   -22.51     0.00     0.00    -7.80     0.00 
    0.00     0.00     0.00     0.00     0.00     0.00     0.00     0.00     0.00     0.00     0.00     0.00     0.00     0.00     0.00     0.00 


