**************************************************SNR RMS Data*******************************************
TxNum:16
RxNum:36


SNRRMSAvgMcap:1016.63
SNRRMSSqrtMcap:18.56
SNRRMSMcap:34.77
Noise Max Data(Mcap):
    1033     1015     1047     1015     1042     1031     1030     1039     1015     1033     1041     1027     1030     1003     1008     1015     1000     1031     1010     1005     1024     1025     1017     1010     1037     1002     1002     1028     1040     1026     1010     1027     1045     1040     1009     1033     1023     1003     1023     1029     1016      969     1016     1001     1027     1041     1036     1038     1043     1024     1061     1022      983     1027     1022     1028     1036     1005     1006     1042      985     1023     1030      996     1003     1005     1015      998      998     1027      984      985     1021      996      991     1008     1019     1024     1024      985      998     1015     1051     1032     1002     1023     1001     1011     1025      977      986     1009     1026     1015      998      994     1029     1027      969      992 

Noise Max Data(Scap WaterOnRx):
SNRRMSAvgScapWaterOnRx:0.00
SNRRMSSqrtScapWaterOnRx:0.00
SNRRMSScapWaterOnRx:0.00
       0        0        0        0        0        0        0        0        0        0        0        0        0        0        0        0        0        0        0        0        0        0        0        0        0        0        0        0        0        0        0        0        0        0        0        0        0        0        0        0        0        0        0        0        0        0        0        0        0        0        0        0        0        0        0        0        0        0        0        0        0        0        0        0        0        0        0        0        0        0        0        0        0        0        0        0        0        0        0        0        0        0        0        0        0        0        0        0        0        0        0        0        0        0        0        0        0        0        0        0 

Noise Max Data(Scap WaterOnTx):
SNRRMSAvgScapWaterOnTx:0.00
SNRRMSSqrtScapWaterOnTx:0.00
SNRRMSScapWaterOnTx:0.00
       0        0        0        0        0        0        0        0        0        0        0        0        0        0        0        0        0        0        0        0        0        0        0        0        0        0        0        0        0        0        0        0        0        0        0        0        0        0        0        0        0        0        0        0        0        0        0        0        0        0        0        0        0        0        0        0        0        0        0        0        0        0        0        0        0        0        0        0        0        0        0        0        0        0        0        0        0        0        0        0        0        0        0        0        0        0        0        0        0        0        0        0        0        0        0        0        0        0        0        0 

Noise Max Data(Scap OtherModeRx):
SNRRMSAvgScapOtherModeRx:313.85
SNRRMSSqrtScapOtherModeRx:9.82
SNRRMSScapOtherModeRx:30.09
     308      302      302      311      313      308      318      298      324      308      333      328      299      313      318      320      328      309      309      339      325      314      323      312      310      304      322      317      314      318      316      316      336      315      314      299      303      310      317      316      287      322      300      308      313      313      325      319      307      312      323      304      321      317      319      303      315      314      311      321      308      325      320      319      300      326      302      313      311      310      315      319      318      309      318      322      299      308      322      328      327      303      295      293      292      323      321      314      318      313      306      323      309      306      305      307      316      324      339      316 

Noise Max Data(Scap OtherModeTx):
SNRRMSAvgScapOtherModeTx:0.00
SNRRMSSqrtScapOtherModeTx:0.00
SNRRMSScapOtherModeTx:0.00
       0        0        0        0        0        0        0        0        0        0        0        0        0        0        0        0        0        0        0        0        0        0        0        0        0        0        0        0        0        0        0        0        0        0        0        0        0        0        0        0        0        0        0        0        0        0        0        0        0        0        0        0        0        0        0        0        0        0        0        0        0        0        0        0        0        0        0        0        0        0        0        0        0        0        0        0        0        0        0        0        0        0        0        0        0        0        0        0        0        0        0        0        0        0        0        0        0        0        0        0 


