**************************************************SNR RMS Data*******************************************
TxNum:16
RxNum:36


SNRRMSAvgMcap:929.31
SNRRMSSqrtMcap:25.11
SNRRMSMcap:31.36
Noise Max Data(Mcap):
     927      950      932      920      930      948      968      949      938      971      957      946      952      944      971      976      965      943      932      985      945      954      929      941      954      943      942      898      936      956      922      972      897      953      967      918      932      952      929      919      880      947      921      957      917      920      971      922      936      951      933      955      908      917      946      896      934      945      910      954      938      945      957      950      930      945      943      916      915      917      922      927      902      877      886      934      891      924      920      932      917      913      896      932      916      882      912      904      889      924      903      869      899      924      871      919      905      877      920      905 

Noise Max Data(Scap WaterOnRx):
SNRRMSAvgScapWaterOnRx:0.00
SNRRMSSqrtScapWaterOnRx:0.00
SNRRMSScapWaterOnRx:0.00
       0        0        0        0        0        0        0        0        0        0        0        0        0        0        0        0        0        0        0        0        0        0        0        0        0        0        0        0        0        0        0        0        0        0        0        0        0        0        0        0        0        0        0        0        0        0        0        0        0        0        0        0        0        0        0        0        0        0        0        0        0        0        0        0        0        0        0        0        0        0        0        0        0        0        0        0        0        0        0        0        0        0        0        0        0        0        0        0        0        0        0        0        0        0        0        0        0        0        0        0 

Noise Max Data(Scap WaterOnTx):
SNRRMSAvgScapWaterOnTx:0.00
SNRRMSSqrtScapWaterOnTx:0.00
SNRRMSScapWaterOnTx:0.00
       0        0        0        0        0        0        0        0        0        0        0        0        0        0        0        0        0        0        0        0        0        0        0        0        0        0        0        0        0        0        0        0        0        0        0        0        0        0        0        0        0        0        0        0        0        0        0        0        0        0        0        0        0        0        0        0        0        0        0        0        0        0        0        0        0        0        0        0        0        0        0        0        0        0        0        0        0        0        0        0        0        0        0        0        0        0        0        0        0        0        0        0        0        0        0        0        0        0        0        0 

Noise Max Data(Scap OtherModeRx):
SNRRMSAvgScapOtherModeRx:293.91
SNRRMSSqrtScapOtherModeRx:10.37
SNRRMSScapOtherModeRx:29.05
     289      301      298      299      305      296      310      306      295      304      322      314      305      296      304      310      300      302      304      309      287      278      305      300      289      300      306      293      286      301      297      292      288      291      301      292      304      293      286      303      272      284      296      302      291      281      303      291      286      287      297      307      292      282      285      308      289      280      298      300      291      305      282      296      277      301      296      283      273      313      289      280      297      308      282      297      297      278      280      281      296      298      282      296      281      290      286      291      303      301      285      299      273      298      287      303      280      279      292      273 

Noise Max Data(Scap OtherModeTx):
SNRRMSAvgScapOtherModeTx:0.00
SNRRMSSqrtScapOtherModeTx:0.00
SNRRMSScapOtherModeTx:0.00
       0        0        0        0        0        0        0        0        0        0        0        0        0        0        0        0        0        0        0        0        0        0        0        0        0        0        0        0        0        0        0        0        0        0        0        0        0        0        0        0        0        0        0        0        0        0        0        0        0        0        0        0        0        0        0        0        0        0        0        0        0        0        0        0        0        0        0        0        0        0        0        0        0        0        0        0        0        0        0        0        0        0        0        0        0        0        0        0        0        0        0        0        0        0        0        0        0        0        0        0 


