**************************************************P2P_Noise SNR Of Each Node*******************************************
TxNum:16
RxNum:36


Signal Of Each Node:
   -2.35    -2.72    -8.17    -5.09    -2.64     0.91    -1.76    -2.53    -8.98     3.47    -9.33    -7.91    -3.00    -5.20     4.77    -0.21     3.97    -3.03     1.91    -4.85    -1.20    -2.12    -2.81    -3.78    -1.01     3.85     2.01    -5.25    -0.51     1.01     4.28    -4.96    -0.53     1.57     1.02     3.54 
    1.77    -0.51    -2.92     0.36    -0.34    -1.37     0.84    -1.26    -1.45    -5.14    -8.43    -5.25    -5.12    -1.46    -7.44    -1.07     4.07     2.84    -2.59     3.16     2.57    -5.91    -2.24     0.44     2.61     0.42    -4.22     0.09    -0.11     1.09    -2.15     2.85    -5.16     3.37     1.36     4.92 
    0.24    -3.60    -4.27     1.20     7.17    -4.53     0.65    -8.95    -5.66     0.68    -2.53    -2.70    -1.81     0.29    -1.23   -10.65    -4.56    -4.59     0.65    -2.74     2.48    -0.93     3.81    -1.84    -2.79    -1.64    -3.83     1.22     0.53     4.52     2.07     0.91     3.32    -2.60     1.01     0.75 
   -1.40    -6.82    -0.39     0.88    -4.03    -0.84    -2.76    -1.85     1.90    -4.78     3.01     1.75    -1.89    -1.77    -4.09    -3.40    -0.45    -4.21    -0.38     3.04    -1.71    -4.87    -9.01    -2.64     0.28    -4.71     0.51    -4.48     0.42    -1.54     1.92    -8.16    -0.11     0.01     3.09     3.19 
   -7.86    -3.52     6.92    -6.75    -4.72     0.85     2.59    -2.17     3.35    -3.50     5.68     0.15    -4.54    -0.06    -8.28    -3.66    -2.01    -5.60    -3.68     0.36    -8.47     2.54    -1.18    -0.21     2.01     2.74    -4.91     2.94     1.06    -3.21     1.71    -1.84     0.36    -0.23     1.26    -2.73 
   -0.97    -4.21     4.70     1.35     1.89     7.35     5.88     1.06    -0.24    -1.85     3.55     0.86    -0.57    -0.91    -1.40     1.61     1.26    -1.60    -2.12    -2.09    -4.04     2.09    -2.65    -1.92    -0.65    -3.64    -8.29     2.54    -3.64    -2.48     3.57    -8.18    -4.85    -4.03    -1.90    -1.86 
   -3.39    -2.25     6.72    -6.83     1.25     1.58    -2.02    -4.89    -1.22    -2.13     0.20    -0.93   -11.15    -0.15   -12.35    -0.25    -2.42     0.96     4.91    -2.62    -6.83    -5.34    -0.64     1.74     1.14    -6.04    -0.34     3.09     3.44    -1.87    -1.20    -2.26    -6.55     1.78     2.75     0.65 
   -0.65   166.03   443.81    61.82     7.14     4.80    -4.36    -6.90    -7.62   -10.79    -9.73    -9.16   -14.28    -5.61    -9.99    -4.36     1.40    -9.58     1.70    -1.98    -3.66     4.62    -5.22    -3.10    -0.69    -5.16     1.39    -2.96     3.63     1.27     0.38     0.69     2.38    -2.43    -2.23     4.00 
    9.92   518.65   929.31   234.28     9.73    -7.39    -5.29    -4.86    -2.43    -8.50    -9.68    -1.57    -1.17    -6.81    -6.38    -0.95     2.41    -2.24    -0.03     2.80    -6.91     2.38     9.03     1.02    -0.53     2.23     5.69    -2.29     4.35     0.88     2.47     2.88     3.56    -0.44     5.58    -2.23 
   -1.95   105.93   283.12    46.76     5.55    -1.46     5.57    -3.62    -6.79    -4.42    -6.28    -4.42     1.76     5.09    -4.56    -4.58     0.76    -8.09    -6.82    -4.27     0.30    -5.61    -2.10    -5.75    -1.21    -3.81    -1.13     0.41    -4.51    -2.48    -3.75    -4.01     1.81    -7.71    -0.83     2.02 
    6.39     0.90    12.39     5.32     2.97     1.78    -1.39     7.30     5.50     0.66     0.78    -0.20     4.12   -10.39    -1.07     0.92     1.48    -4.10    -8.67    -1.47    -4.84     0.60   -10.05    -2.03    -4.02     2.35    -3.21     3.66     1.20    -0.27     0.32    -3.76    -3.58    -3.76     0.05     3.17 
  -12.86     0.48     6.42    -0.10     0.45    -0.28    -9.77    -2.24    -6.19     3.69    -6.93    -3.78    -1.47     1.44    -1.60    -3.23     0.20    -1.31    -9.56    -0.70     2.35    -2.20    -9.25    -6.14     2.98    -0.02     1.16     0.58    -0.59     0.35    -1.36     6.29     4.47    -0.03     2.87     9.86 
   -5.88     1.06     2.21     1.27     1.78    -2.21   -10.37     2.08    -3.27    -2.93   -11.00    -1.16    -2.10     0.94    -7.93     0.05    -1.11    -3.56    -4.19     1.88    -0.19    -2.50    -4.30    -4.95    -1.05     0.06    -2.87     2.54     2.22    -6.96    -1.30    -1.23    -0.68     0.99     2.15    -0.56 
   -3.08     0.24    -7.31     2.24   -10.68     0.06    -3.54    -1.50    -8.33     1.09   -10.24     0.80    -9.98     3.58    -9.98     2.39     4.04    -7.93     3.10    -5.12     4.29     2.33    -5.60     0.82    -3.87    -1.04     2.80    -0.91     3.32     2.66    -0.34    -1.17     2.19     0.50     1.61    -2.01 
  -10.73     1.37    -4.05     0.10     3.40     3.51    -1.31    -5.25    -9.40    -4.63    -4.93    -3.77    -0.41    -5.58     2.02    -1.79    -1.70    -0.45     5.92     1.15    -3.80     0.61    -1.63    -1.52    -0.68    -1.55    -4.86     0.90     0.67    -8.22    -1.52     0.58    -0.31     1.77    -2.22     1.78 
   -3.45   -10.27    -2.76    -9.60    -3.26    -3.52    -5.29   -14.85    -3.20     2.01    -4.71     2.71    -7.77    -1.79    -1.80    -0.11    -4.47    -3.81    -6.42     4.64    -4.86    -0.39     5.16     4.14    -7.20    -0.49    -2.46     1.71     0.32     3.51    -6.13     1.41     3.58     2.42    -0.33     1.69 
    0.00     0.00     0.00     0.00     0.00     0.00     0.00     0.00     0.00     0.00     0.00     0.00     0.00     0.00     0.00     0.00     0.00     0.00     0.00     0.00     0.00     0.00     0.00     0.00     0.00     0.00     0.00     0.00     0.00     0.00     0.00     0.00     0.00     0.00     0.00     0.00 
    0.00     0.00     0.00     0.00     0.00     0.00     0.00     0.00     0.00     0.00     0.00     0.00     0.00     0.00     0.00     0.00 
   29.43   137.88   293.91    67.17    22.12    25.22    18.88    30.71    10.82     9.78    19.43    10.90     5.16    11.79    18.44     9.06     0.90    -2.12    -2.18    -4.99   -10.74   -14.16    -5.02    -9.12    -5.35   -11.57    -9.10    -9.56    -4.98    -4.09    -5.87   -11.28   -17.82   -10.58    -8.62    -7.20 
    0.00     0.00     0.00     0.00     0.00     0.00     0.00     0.00     0.00     0.00     0.00     0.00     0.00     0.00     0.00     0.00 


P2P Noise Of Each Node:
      31       42       63       35       36       45       32       27       31       37       35       34       32       31       45       32       31       29       37       33       27       29       39       28       31       36       33       26       20       28       27       33       33       32       34       38 
      29       35       47       33       31       51       36       35       35       42       37       28       34       31       48       28       40       34       39       31       26       24       39       26       28       29       29       22       22       33       32       27       27       34       36       42 
      30       42       57       31       45       35       36       39       27       29       27       37       35       35       41       40       35       33       35       31       30       26       46       26       32       26       30       33       26       43       29       32       36       30       36       33 
      39       34       64       35       32       36       32       30       26       36       31       29       34       23       50       30       26       28       34       35       29       26       38       26       27       33       25       33       25       35       42       34       34       26       44       47 
      29       52       61       35       35       57       34       41       34       31       42       32       37       31       54       31       26       26       40       26       30       29       34       26       33       26       30       28       22       27       38       31       28       24       37       34 
      36       37       46       29       30       42       36       39       32       38       33       32       30       33       46       22       26       29       39       35       28       30       36       30       30       35       40       31       35       26       32       37       32       28       47       32 
      38       30       58       34       31       39       35       35       28       33       23       28       40       30       44       26       30       25       42       32       27       30       31       31       21       26       30       27       30       28       29       30       37       35       33       34 
      33      130      166      127       38       43       30       33       34       38       35       36       37       41       44       39       29       30       42       29       42       36       37       28       23       39       26       24       32       27       35       26       31       32       43       43 
      45      222      116      151       47       33       37       37       29       41       46       32       24       39       48       26       25       31       37       26       40       31       54       25       28       30       40       25       28       34       27       28       28       43       47       38 
      38      116      139       71       43       36       37       43       32       37       31       35       34       42       47       27       36       40       39       31       33       30       39       28       26       38       36       28       26       31       32       26       33       33       39       44 
      51       47       62       41       33       37       38       41       32       32       35       35       33       43       42       23       34       31       41       28       26       42       39       29       32       29       34       32       25       34       25       42       34       31       50       39 
      41       32       51       28       31       39       48       46       35       39       39       29       37       36       46       20       31       28       38       27       33       31       44       28       26       31       26       28       26       36       28       44       32       28       31       47 
      38       42       50       32       34       32       47       38       28       40       40       27       33       34       49       25       29       32       40       35       20       29       46       26       24       31       28       30       29       31       30       25       44       40       35       38 
      34       31       46       30       39       41       30       44       35       30       32       30       35       32       41       37       35       25       41       35       36       34       32       30       35       29       38       30       28       35       26       30       29       35       51       43 
      40       38       58       32       32       38       40       40       30       45       30       28       29       28       41       27       24       33       44       37       34       37       50       26       32       28       31       29       26       33       30       27       28       37       35       34 
      35       41       52       33       35       34       36       41       32       36       23       30       35       34       40       31       23       29       37       40       24       25       45       32       27       36       25       28       22       46       31       37       41       38       39       35 
       0        0        0        0        0        0        0        0        0        0        0        0        0        0        0        0        0        0        0        0        0        0        0        0        0        0        0        0        0        0        0        0        0        0        0        0 
       0        0        0        0        0        0        0        0        0        0        0        0        0        0        0        0 
      34       93       50       70       47       56       38       51       50       38       76       46       36       54       43       42       42       47       49       46       51       41       54       57       35       42       54       50       55       47       43       53       32       63       52       54 
       0        0        0        0        0        0        0        0        0        0        0        0        0        0        0        0 


SNR_P2P Of Each Node:
    0.00     0.00     0.00     0.00     0.00   -33.88     0.00     0.00     0.00   -20.56     0.00     0.00     0.00     0.00   -19.49     0.00   -17.85     0.00   -25.74     0.00     0.00     0.00     0.00     0.00     0.00   -19.42   -24.31     0.00     0.00   -28.86   -16.00     0.00     0.00   -26.19   -30.46   -20.62 
  -24.29     0.00     0.00   -39.24     0.00     0.00   -32.64     0.00     0.00     0.00     0.00     0.00     0.00     0.00     0.00     0.00   -19.85   -21.56     0.00   -19.83   -20.10     0.00     0.00   -35.43   -20.61   -36.78     0.00   -47.76     0.00   -29.62     0.00   -19.53     0.00   -20.08   -28.46   -18.63 
  -41.94     0.00     0.00   -28.24   -15.95     0.00   -34.87     0.00     0.00   -32.60     0.00     0.00     0.00   -41.63     0.00     0.00     0.00     0.00   -34.62     0.00   -21.65     0.00   -21.64     0.00     0.00     0.00     0.00   -28.64   -33.81   -19.57   -22.93   -30.92   -20.70     0.00   -31.04   -32.87 
    0.00     0.00     0.00   -31.99     0.00     0.00     0.00     0.00   -22.72     0.00   -20.26   -24.39     0.00     0.00     0.00     0.00     0.00     0.00     0.00   -21.22     0.00     0.00     0.00     0.00   -39.68     0.00   -33.81     0.00   -35.49     0.00   -26.80     0.00     0.00   -68.30   -23.07   -23.37 
    0.00     0.00   -18.90     0.00     0.00   -36.53   -22.36     0.00   -20.13     0.00   -17.38   -46.58     0.00     0.00     0.00     0.00     0.00     0.00     0.00   -37.17     0.00   -21.15     0.00     0.00   -24.31   -19.54     0.00   -19.58   -26.34     0.00   -26.94     0.00   -37.82     0.00   -29.36     0.00 
    0.00     0.00   -19.81   -26.64   -24.01   -15.14   -15.74   -31.32     0.00     0.00   -19.37   -31.41     0.00     0.00     0.00   -22.71   -26.29     0.00     0.00     0.00     0.00   -23.14     0.00     0.00     0.00     0.00     0.00   -21.73     0.00     0.00   -19.05     0.00     0.00     0.00     0.00     0.00 
    0.00     0.00   -18.72     0.00   -27.89   -27.85     0.00     0.00     0.00     0.00   -41.21     0.00     0.00     0.00     0.00     0.00     0.00   -28.31   -18.64     0.00     0.00     0.00     0.00   -25.02   -25.31     0.00     0.00   -18.83   -18.81     0.00     0.00     0.00     0.00   -25.87   -21.58   -34.37 
    0.00     2.12     8.54    -6.25   -14.52   -19.04     0.00     0.00     0.00     0.00     0.00     0.00     0.00     0.00     0.00     0.00   -26.33     0.00   -27.86     0.00     0.00   -17.83     0.00     0.00     0.00     0.00   -25.44     0.00   -18.90   -26.55   -39.29   -31.52   -22.30     0.00     0.00   -20.63 
  -13.13     7.37    18.07     3.82   -13.68     0.00     0.00     0.00     0.00     0.00     0.00     0.00     0.00     0.00     0.00     0.00   -20.32     0.00     0.00   -19.36     0.00   -22.30   -15.53   -27.79     0.00   -22.58   -16.94     0.00   -16.17   -31.74   -20.77   -19.76   -17.91     0.00   -18.51     0.00 
    0.00    -0.79     6.18    -3.63   -17.78     0.00   -16.45     0.00     0.00     0.00     0.00     0.00   -25.72   -18.33     0.00     0.00   -33.51     0.00     0.00     0.00   -40.83     0.00     0.00     0.00     0.00     0.00     0.00   -36.69     0.00     0.00     0.00     0.00   -25.22     0.00     0.00   -26.76 
  -18.04   -34.36   -13.99   -17.74   -20.92   -26.36     0.00   -14.99   -15.30   -33.71   -33.04     0.00   -18.07     0.00     0.00   -27.96   -27.22     0.00     0.00     0.00     0.00   -36.90     0.00     0.00     0.00   -21.83     0.00   -18.83   -26.38     0.00   -37.86     0.00     0.00     0.00   -60.00   -21.80 
    0.00   -36.48   -18.00     0.00   -36.76     0.00     0.00     0.00     0.00   -20.48     0.00     0.00     0.00   -27.96     0.00     0.00   -43.81     0.00     0.00     0.00   -22.95     0.00     0.00     0.00   -18.82     0.00   -27.01   -33.67     0.00   -40.24     0.00   -16.90   -17.10     0.00   -20.67   -13.56 
    0.00   -31.96   -27.09   -28.03   -25.62     0.00     0.00   -25.23     0.00     0.00     0.00     0.00     0.00   -31.17     0.00   -53.98     0.00     0.00     0.00   -25.40     0.00     0.00     0.00     0.00     0.00   -54.26     0.00   -21.45   -22.32     0.00     0.00     0.00     0.00   -32.13   -24.23     0.00 
    0.00   -42.22     0.00   -22.54     0.00   -56.69     0.00     0.00     0.00   -28.79     0.00   -31.48     0.00   -19.03     0.00   -23.80   -18.75     0.00   -22.43     0.00   -18.48   -23.28     0.00   -31.27     0.00     0.00   -22.65     0.00   -18.52   -22.38     0.00     0.00   -22.44   -36.90   -30.01     0.00 
    0.00   -28.86     0.00   -50.10   -19.47   -20.69     0.00     0.00     0.00     0.00     0.00     0.00     0.00     0.00   -26.15     0.00     0.00     0.00   -17.42   -30.15     0.00   -35.66     0.00     0.00     0.00     0.00     0.00   -30.16   -31.78     0.00     0.00   -33.36     0.00   -26.40     0.00   -25.62 
    0.00     0.00     0.00     0.00     0.00     0.00     0.00     0.00     0.00   -25.06     0.00   -20.88     0.00     0.00     0.00     0.00     0.00     0.00     0.00   -18.71     0.00     0.00   -18.81   -17.76     0.00     0.00     0.00   -24.28   -36.75   -22.35     0.00   -28.38   -21.18   -23.92     0.00   -26.32 
    0.00     0.00     0.00     0.00     0.00     0.00     0.00     0.00     0.00     0.00     0.00     0.00     0.00     0.00     0.00     0.00     0.00     0.00     0.00     0.00     0.00     0.00     0.00     0.00     0.00     0.00     0.00     0.00     0.00     0.00     0.00     0.00     0.00     0.00     0.00     0.00 
    0.00     0.00     0.00     0.00     0.00     0.00     0.00     0.00     0.00     0.00     0.00     0.00     0.00     0.00     0.00     0.00 
   -1.25     3.42    15.38    -0.36    -6.55    -6.93    -6.08    -4.41   -13.29   -11.79   -11.85   -12.51   -16.87   -13.22    -7.35   -13.32   -33.38     0.00     0.00     0.00     0.00     0.00     0.00     0.00     0.00     0.00     0.00     0.00     0.00     0.00     0.00     0.00     0.00     0.00     0.00     0.00 
    0.00     0.00     0.00     0.00     0.00     0.00     0.00     0.00     0.00     0.00     0.00     0.00     0.00     0.00     0.00     0.00 


