**************************************************P2P_Noise SNR Of Each Node*******************************************
TxNum:16
RxNum:36


Signal Of Each Node:
    7.06     1.57    -6.90    -0.13    -1.24     4.32     1.39     0.70     3.05    -2.87     1.66     4.00     8.52    23.11    22.84    17.47     2.54     1.53     0.62    -1.13    -0.70     0.36    -3.80     0.33    -3.81    -2.60    -0.89    -2.21     1.76    -1.65    -0.32    -1.79     3.00    -0.82    -2.18     1.16 
    2.63    -0.23    11.69     5.48     1.30     0.50    -4.05    -0.24     0.29    -5.07    -3.52    -2.29     6.19    13.79    12.80    18.07     7.49     2.74    -1.07     2.60     1.76     0.59     3.28    -0.46    -3.40    -1.19     0.29    -0.07    -1.74    -0.95    -3.46    -3.74    -1.75    -3.67    -0.22    -0.59 
    5.47    10.06     4.94     0.33    -3.52    -1.71    -3.19    -4.55    -2.90    -6.97    -0.29    -4.55     7.39     5.19    21.14    16.38    -0.52    -0.34    -2.40    -1.56     4.15    -5.36     0.78    -0.59    -0.97     0.01    -1.74    -3.14    -4.19    -0.37     2.39    -3.93     3.23    -1.83    -3.59    -4.15 
    6.24     6.36     3.77     2.57     0.44     4.84    -4.08    11.08    -2.35    -4.34    -1.40    -1.15     9.63    12.82     7.54    18.05     6.09     2.00     8.65     4.19     3.25     1.19    -1.22    -3.63    -2.13     0.32    -1.48    -0.96    -2.20     2.00    -3.24    -1.90    -1.47    -1.73     2.02    -1.03 
   -1.18     5.36     3.66     3.20     1.99     1.38    -7.37    -5.97    -1.65    -3.52    -5.89     3.90     3.95     3.04     9.69    13.25     3.73     3.19     6.00     0.60    -1.28    -2.68     6.16     0.68    -4.27    -3.30    -4.96    -3.38    -0.77    -3.68    -4.91    -3.04    -0.15    -1.27     0.85     2.34 
    7.57     1.33     2.63     5.27     1.33    -6.04    -1.57    -1.87    -0.57    -7.29    -3.29    -0.43     2.41     4.19     8.11     4.55     2.41     0.64     3.26     2.24    -0.61    -2.78     0.58    -0.87     2.66    -1.26    -2.10    -2.52    -3.21    -1.40    -1.19    -6.56    -2.69     2.24     0.96    -1.83 
    3.51     4.26    -0.12     0.45    -0.58    -8.51    -5.30    -7.36    -3.12    -7.58     5.99    -4.23    -1.16    -4.28     3.33     0.35    -3.37     2.06     0.86    -1.80     1.23     3.09     1.35    10.26    -0.10     1.40    -1.16     3.17     4.20     4.21    -2.16    -3.08     7.91    -5.16     1.99     5.89 
    7.51     9.91     6.29     3.47     1.79     1.63    -4.04    -5.07    -5.04    -9.17     0.72     1.16    -1.71    -1.30     5.90     3.84     0.90     0.54    -1.43     6.85    -0.81    -0.97    -1.45    -1.34     0.91    -2.31     1.02    -3.27    -3.79     0.67    -1.49    -0.78     1.80    -2.81    -2.03     6.55 
    7.98     2.02     3.05     0.30    -3.27    -3.14     2.13    -3.14    -8.12     0.14    -7.01     1.06     4.04    -2.18     1.87     0.38     2.51    -2.74    -0.60     2.33     0.35     2.71     1.81    -0.52    -1.81     0.62     2.97    -4.37     1.53    -1.13    -7.24    -0.37    -0.28     3.31    -4.20     1.60 
    9.65    11.26    -4.33     0.93    -5.29     0.27     9.45     1.96     9.61     3.26     2.28     4.70     5.06     5.62    -2.10    -1.51    -5.02     2.91    12.48    -0.85    -4.62    -3.36     0.12     2.60     0.06    -2.54    -0.14    -5.43     2.82    -2.37     3.11    -3.11    -3.60    -5.67    -7.53    -3.56 
    0.93     6.28     3.99     5.97    -6.81     4.29    -4.07     8.86    11.40    11.23    15.13     9.94     6.11    -3.57     1.43     2.12    -6.93     4.07     0.94    -1.85     1.29     0.76     9.68    -2.70     1.27    -4.24    -5.59    -5.82    -2.82    -2.04    -8.04    -0.82    -0.91    -5.99    -8.77    -6.23 
    6.71     3.85    10.08     6.58     0.75     9.14     8.20     9.27    18.65     0.65     6.96     8.26     2.12     0.44     7.47    -2.58    -1.67     4.62     7.21    -1.43    -0.76    -3.49    -1.86    -2.97    -1.19     2.41    -2.59    -5.90    -4.64     1.03    -4.56    -2.82    -0.65    -2.37    -5.07    -0.26 
    2.95    14.26    25.55     5.55     4.28    11.19    13.03    13.80     9.92     5.66     6.64     5.83     5.63     6.53    -1.08     2.19     0.86    -2.44     0.16    -2.43    -0.04    -1.22    -6.61     2.76    -1.03    -3.38    -2.95    -2.48    -1.91    -3.76     2.71    -2.95    -3.95    -2.86    -6.59    -0.33 
   18.92   194.36   521.58    96.22     9.03    18.99    15.75     8.72     7.91     3.48     2.69     4.30     2.52    -3.43    10.69    -3.49    -4.26     0.68    -0.47    -4.94    -2.86     2.01     2.99     0.35    -4.83    -1.98    -4.95    -3.60    -6.01    -5.36    -7.65    -4.28    -0.84    -7.47    -3.63    -3.73 
   33.73   553.13  1031.27   263.35     9.03     3.04     3.56    -1.15    10.82     5.86    -2.55    -3.13     0.56     1.91     2.44     5.14     3.35    -1.03     8.05    -6.14    -4.20    -1.81    -4.51     4.89    -3.49    -2.07     0.08    -3.14    -3.06     2.77    -2.51    -2.87    -2.56     0.55     2.68    -4.85 
   21.74   106.04   251.16    42.36     9.65     4.32     1.55     1.20     4.95     6.46    -0.97    -1.41    -2.20     1.61    -4.57    -4.43    -3.09     4.01    -3.34    -2.39    -4.91    -0.09    -3.58    -1.26     0.47    -0.79    -3.55    -5.31    -5.34     0.64    -0.74    -0.37     1.16    -4.02    -5.30    -4.76 
    0.00     0.00     0.00     0.00     0.00     0.00     0.00     0.00     0.00     0.00     0.00     0.00     0.00     0.00     0.00     0.00     0.00     0.00     0.00     0.00     0.00     0.00     0.00     0.00     0.00     0.00     0.00     0.00     0.00     0.00     0.00     0.00     0.00     0.00     0.00     0.00 
    0.00     0.00     0.00     0.00     0.00     0.00     0.00     0.00     0.00     0.00     0.00     0.00     0.00     0.00     0.00     0.00 
   33.19   154.07   315.83    90.96    26.07    32.17    21.56    36.59    17.38    15.47    30.39    24.56    20.16    26.08    38.79    21.11     3.47    -0.38     4.88     2.48     0.27   -11.21    -6.22    -6.53    -4.34   -18.98    -5.72   -11.24     1.09     0.66    -6.55   -10.99    -7.64    -5.29     0.50    -7.49 
    0.00     0.00     0.00     0.00     0.00     0.00     0.00     0.00     0.00     0.00     0.00     0.00     0.00     0.00     0.00     0.00 


P2P Noise Of Each Node:
      38       42       70       29       29       36       31       35       25       36       31       34       33       42       49       38       22       23       30       33       30       29       39       28       39       35       31       25       33       35       30       31       31       33       43       30 
      36       38       58       30       27       41       37       42       34       36       34       33       30       44       45       40       37       28       41       36       27       27       40       26       28       27       31       25       28       30       31       40       34       37       39       35 
      38       46       62       35       34       40       31       38       34       39       39       27       33       41       53       45       27       24       35       31       36       33       54       29       41       31       25       35       34       29       31       37       34       35       33       37 
      40       53       84       30       29       36       39       41       37       45       28       30       29       41       34       44       31       29       46       37       26       27       34       31       26       29       27       25       30       23       35       31       33       38       45       36 
      34       52       53       30       32       38       46       39       31       40       30       30       27       36       40       36       34       30       36       33       31       32       35       26       30       35       31       35       24       32       35       27       41       39       37       47 
      43       30       55       37       26       33       30       48       27       37       30       30       26       39       41       29       27       26       32       28       28       29       40       25       33       27       32       23       35       32       28       30       30       25       35       39 
      39       44       51       35       45       39       31       39       27       41       31       35       30       32       45       19       29       32       38       35       29       30       39       36       35       27       27       28       39       32       35       28       33       32       43       40 
      47       39       50       27       44       31       39       37       34       50       27       33       35       34       48       33       30       25       33       33       28       27       28       27       28       33       31       26       27       36       29       24       32       33       39       43 
      35       41       66       30       50       40       31       41       35       31       41       31       32       36       39       22       31       26       33       30       30       33       46       32       28       22       28       26       24       33       29       29       32       42       46       34 
      44       46       50       25       34       46       44       40       35       47       22       33       29       33       58       33       34       30       47       27       37       32       40       30       28       26       29       36       26       31       36       31       32       38       49       41 
      40       40       66       29       40       39       40       40       44       55       39       37       36       31       38       30       44       28       31       35       23       31       43       27       29       36       37       40       29       34       50       28       34       50       50       40 
      36       40       47       33       37       40       35       40       42       31       30       31       36       30       41       25       32       28       41       38       30       40       41       26       28       26       25       43       34       30       42       37       37       39       45       36 
      48       36       64       43       29       38       41       43       40       34       32       30       31       32       49       30       29       28       31       35       30       26       46       24       30       35       36       37       33       42       35       29       43       35       53       42 
      54      148      103       97       35       57       42       35       35       33       29       36       37       31       57       31       31       25       44       38       26       28       48       29       32       33       43       29       40       36       43       31       33       39       47       42 
      57      204       81      189       29       34       38       45       46       37       35       31       32       33       43       30       35       28       51       44       30       35       42       23       31       36       25       27       32       31       26       31       36       40       32       50 
      55       86      121       81       39       42       32       37       35       35       29       28       47       30       45       36       37       30       34       29       41       46       40       30       38       28       31       30       45       27       30       26       29       31       50       43 
       0        0        0        0        0        0        0        0        0        0        0        0        0        0        0        0        0        0        0        0        0        0        0        0        0        0        0        0        0        0        0        0        0        0        0        0 
       0        0        0        0        0        0        0        0        0        0        0        0        0        0        0        0 
      51       92       44       66       39       49       58       56       52       37       51       50       40       65       49       48       39       37       56       53       45       51       63       48       37       35       36       35       45       54       43       46       42       46       51       45 
       0        0        0        0        0        0        0        0        0        0        0        0        0        0        0        0 


SNR_P2P Of Each Node:
  -14.62   -28.55     0.00     0.00     0.00   -18.42   -26.97   -33.98   -18.27     0.00   -25.43   -18.59   -11.76    -5.19    -6.63    -6.75   -18.75   -23.54   -33.69     0.00     0.00   -38.12     0.00   -38.57     0.00     0.00     0.00     0.00   -25.46     0.00     0.00     0.00   -20.28     0.00     0.00   -28.25 
  -22.73     0.00   -13.91   -14.77   -26.35   -38.28     0.00     0.00   -41.38     0.00     0.00     0.00   -13.71   -10.08   -10.92    -6.90   -13.87   -20.19     0.00   -22.83   -23.72   -33.21   -21.72     0.00     0.00     0.00   -40.58     0.00     0.00     0.00     0.00     0.00     0.00     0.00     0.00     0.00 
  -16.84   -13.20   -21.97   -40.51     0.00     0.00     0.00     0.00     0.00     0.00     0.00     0.00   -13.00   -17.95    -7.98    -8.78     0.00     0.00     0.00     0.00   -18.77     0.00   -36.81     0.00     0.00   -69.83     0.00     0.00     0.00     0.00   -22.26     0.00   -20.45     0.00     0.00     0.00 
  -16.14   -18.42   -26.96   -21.34   -36.38   -17.43     0.00   -11.36     0.00     0.00     0.00     0.00    -9.58   -10.10   -13.08    -7.74   -14.13   -23.23   -14.51   -18.92   -18.06   -27.12     0.00     0.00     0.00   -39.14     0.00     0.00     0.00   -21.21     0.00     0.00     0.00     0.00   -26.96     0.00 
    0.00   -19.74   -23.22   -19.44   -24.13   -28.80     0.00     0.00     0.00     0.00     0.00   -17.72   -16.70   -21.47   -12.31    -8.68   -19.20   -19.47   -15.56   -34.81     0.00     0.00   -15.09   -31.65     0.00     0.00     0.00     0.00     0.00     0.00     0.00     0.00     0.00     0.00   -32.78   -26.06 
  -15.09   -27.07   -26.41   -16.93   -25.82     0.00     0.00     0.00     0.00     0.00     0.00     0.00   -20.66   -19.38   -14.08   -16.09   -20.99   -32.18   -19.84   -21.94     0.00     0.00   -36.77     0.00   -21.87     0.00     0.00     0.00     0.00     0.00     0.00     0.00     0.00   -20.95   -31.24     0.00 
  -20.92   -20.28     0.00   -37.82     0.00     0.00     0.00     0.00     0.00     0.00   -14.28     0.00     0.00     0.00   -22.62   -34.69     0.00   -23.83   -32.91     0.00   -27.45   -19.74   -29.21   -10.90     0.00   -25.70     0.00   -18.92   -19.36   -17.62     0.00     0.00   -12.41     0.00   -26.69   -16.64 
  -15.93   -11.90   -18.01   -17.82   -27.81   -25.58     0.00     0.00     0.00     0.00   -31.48   -29.08     0.00     0.00   -18.21   -18.68   -30.46   -33.31     0.00   -13.66     0.00     0.00     0.00     0.00   -29.76     0.00   -29.66     0.00     0.00   -34.60     0.00     0.00   -25.00     0.00     0.00   -16.34 
  -12.84   -26.15   -26.70   -40.00     0.00     0.00   -23.26     0.00     0.00   -46.90     0.00   -29.32   -17.98     0.00   -26.38   -35.25   -21.83     0.00     0.00   -22.20   -38.66   -21.71   -28.10     0.00     0.00   -31.00   -19.49     0.00   -23.91     0.00     0.00     0.00     0.00   -22.07     0.00   -26.55 
  -13.18   -12.22     0.00   -28.59     0.00   -44.63   -13.36   -26.20   -11.23   -23.18   -19.69   -16.93   -15.16   -15.38     0.00     0.00     0.00   -20.26   -11.52     0.00     0.00     0.00   -50.46   -21.24   -53.38     0.00     0.00     0.00   -19.29     0.00   -21.27     0.00     0.00     0.00     0.00     0.00 
  -32.67   -16.08   -24.37   -13.73     0.00   -19.17     0.00   -13.09   -11.73   -13.80    -8.22   -11.42   -15.41     0.00   -28.49   -23.02     0.00   -16.75   -30.36     0.00   -25.02   -32.21   -12.95     0.00   -27.17     0.00     0.00     0.00     0.00     0.00     0.00     0.00     0.00     0.00     0.00     0.00 
  -14.59   -20.33   -13.37   -14.01   -33.86   -12.82   -12.61   -12.70    -7.05   -33.57   -12.69   -11.49   -24.60   -36.67   -14.79     0.00     0.00   -15.65   -15.10     0.00     0.00     0.00     0.00     0.00     0.00   -20.66     0.00     0.00     0.00   -29.29     0.00     0.00     0.00     0.00     0.00     0.00 
  -24.23    -8.04    -7.98   -17.78   -16.62   -10.62    -9.96    -9.87   -12.11   -15.57   -13.66   -14.23   -14.82   -13.80     0.00   -22.73   -30.56     0.00   -45.74     0.00     0.00     0.00     0.00   -18.79     0.00     0.00     0.00     0.00     0.00     0.00   -22.22     0.00     0.00     0.00     0.00     0.00 
   -9.11     2.37    14.09    -0.07   -11.77    -9.55    -8.52   -12.07   -12.92   -19.54   -20.65   -18.46   -23.34     0.00   -14.54     0.00     0.00   -31.31     0.00     0.00     0.00   -22.88   -24.11   -38.37     0.00     0.00     0.00     0.00     0.00     0.00     0.00     0.00     0.00     0.00     0.00     0.00 
   -4.56     8.66    22.10     2.88   -10.13   -20.97   -20.57     0.00   -12.57   -16.01     0.00     0.00   -35.14   -24.75   -24.92   -15.32   -20.38     0.00   -16.04     0.00     0.00     0.00     0.00   -13.45     0.00     0.00   -49.90     0.00     0.00   -20.98     0.00     0.00     0.00   -37.23   -21.54     0.00 
   -8.06     1.82     6.34    -5.63   -12.13   -19.76   -26.30   -29.78   -16.99   -14.68     0.00     0.00     0.00   -25.41     0.00     0.00     0.00   -17.48     0.00     0.00     0.00     0.00     0.00     0.00   -38.15     0.00     0.00     0.00     0.00   -32.50     0.00     0.00   -27.96     0.00     0.00     0.00 
    0.00     0.00     0.00     0.00     0.00     0.00     0.00     0.00     0.00     0.00     0.00     0.00     0.00     0.00     0.00     0.00     0.00     0.00     0.00     0.00     0.00     0.00     0.00     0.00     0.00     0.00     0.00     0.00     0.00     0.00     0.00     0.00     0.00     0.00     0.00     0.00 
    0.00     0.00     0.00     0.00     0.00     0.00     0.00     0.00     0.00     0.00     0.00     0.00     0.00     0.00     0.00     0.00 
   -3.73     4.48    17.12     2.79    -3.50    -3.65    -8.60    -3.70    -9.52    -7.57    -4.50    -6.17    -5.95    -7.93    -2.03    -7.14   -21.01     0.00   -21.20   -26.60   -44.44     0.00     0.00     0.00     0.00     0.00     0.00     0.00   -32.32   -38.26     0.00     0.00     0.00     0.00   -40.17     0.00 
    0.00     0.00     0.00     0.00     0.00     0.00     0.00     0.00     0.00     0.00     0.00     0.00     0.00     0.00     0.00     0.00 


