**************************************************SNR RMS Data*******************************************
TxNum:16
RxNum:36


SNRRMSAvgMcap:1031.27
SNRRMSSqrtMcap:18.24
SNRRMSMcap:35.05
Noise Max Data(Mcap):
    1068     1049     1069     1049     1054     1046     1038     1042     1072     1047     1029     1054     1016     1074     1055     1068     1025     1037     1066     1035     1050     1068     1037     1059     1043     1044     1038     1043     1035     1023     1045     1027      993     1016     1029     1042      998     1025     1054     1013      995     1020     1039     1017     1014      994     1016     1018     1004     1016     1042     1023     1012     1012     1038     1007     1007     1018     1021     1036     1042     1027     1023     1035     1028     1034     1041     1030     1031     1047     1059     1020     1027     1013     1022     1019     1031     1035     1020     1023     1035     1035     1034     1028     1044     1008     1039     1045     1042     1031     1016     1008     1018     1039     1007     1017     1025     1012     1015      998 

Noise Max Data(Scap WaterOnRx):
SNRRMSAvgScapWaterOnRx:0.00
SNRRMSSqrtScapWaterOnRx:0.00
SNRRMSScapWaterOnRx:0.00
       0        0        0        0        0        0        0        0        0        0        0        0        0        0        0        0        0        0        0        0        0        0        0        0        0        0        0        0        0        0        0        0        0        0        0        0        0        0        0        0        0        0        0        0        0        0        0        0        0        0        0        0        0        0        0        0        0        0        0        0        0        0        0        0        0        0        0        0        0        0        0        0        0        0        0        0        0        0        0        0        0        0        0        0        0        0        0        0        0        0        0        0        0        0        0        0        0        0        0        0 

Noise Max Data(Scap WaterOnTx):
SNRRMSAvgScapWaterOnTx:0.00
SNRRMSSqrtScapWaterOnTx:0.00
SNRRMSScapWaterOnTx:0.00
       0        0        0        0        0        0        0        0        0        0        0        0        0        0        0        0        0        0        0        0        0        0        0        0        0        0        0        0        0        0        0        0        0        0        0        0        0        0        0        0        0        0        0        0        0        0        0        0        0        0        0        0        0        0        0        0        0        0        0        0        0        0        0        0        0        0        0        0        0        0        0        0        0        0        0        0        0        0        0        0        0        0        0        0        0        0        0        0        0        0        0        0        0        0        0        0        0        0        0        0 

Noise Max Data(Scap OtherModeRx):
SNRRMSAvgScapOtherModeRx:315.83
SNRRMSSqrtScapOtherModeRx:9.25
SNRRMSScapOtherModeRx:30.67
     306      312      322      315      322      301      294      319      324      306      316      328      316      324      314      318      309      321      328      313      298      317      304      304      311      318      312      324      325      310      311      314      299      295      312      310      316      305      325      310      317      304      313      326      311      330      308      304      301      310      318      314      299      327      316      310      313      325      311      315      314      312      322      312      330      321      319      316      320      331      324      325      321      311      322      338      335      325      311      302      323      325      318      305      322      324      331      313      333      333      317      322      329      314      318      307      312      302      310      314 

Noise Max Data(Scap OtherModeTx):
SNRRMSAvgScapOtherModeTx:0.00
SNRRMSSqrtScapOtherModeTx:0.00
SNRRMSScapOtherModeTx:0.00
       0        0        0        0        0        0        0        0        0        0        0        0        0        0        0        0        0        0        0        0        0        0        0        0        0        0        0        0        0        0        0        0        0        0        0        0        0        0        0        0        0        0        0        0        0        0        0        0        0        0        0        0        0        0        0        0        0        0        0        0        0        0        0        0        0        0        0        0        0        0        0        0        0        0        0        0        0        0        0        0        0        0        0        0        0        0        0        0        0        0        0        0        0        0        0        0        0        0        0        0 


