**************************************************P2P_Noise SNR Of Each Node*******************************************
TxNum:16
RxNum:36


Signal Of Each Node:
   -0.90    -1.17    -4.51     2.57    -2.99     2.87     1.59     2.89     4.66    -0.19     4.87    11.97    21.13    20.84     7.40    10.63   179.63   493.91   132.47     4.35    -0.94     5.87    -1.02     4.38    -1.77    -4.41     4.16    -3.68     0.07     2.26    -1.10     2.40    -4.19    -6.83    -7.62    -0.61 
    1.38    -2.37    -4.12    -2.22    -2.15    -1.83    -4.34    -4.15    -4.15     4.42     5.21     8.59    21.34    26.53    17.19    25.46   430.41  1004.57   325.03    15.98    -1.51     2.72    -0.22    -1.68    -3.10    -0.50     0.94    -0.77    -2.97    -2.74     2.54    -3.09    -1.87    -2.74     1.28    -0.07 
   -3.05     2.56    -3.87    -1.01    -2.18     1.58     1.77     3.11    -0.94    -3.24     3.26     2.85    17.07    20.55     5.04    20.87    78.99   259.35    67.29     4.69     0.68    -4.69    -0.67    -2.11    -3.05    -1.14    -3.70     0.68    -0.44    -1.67    -3.97     1.91    -3.80    -2.83    -1.53    -2.45 
   -2.77    -2.97    -4.31    -3.24    -4.15    -2.61    -3.09    -2.57    -3.73    -6.22     4.11    -1.89     6.45     5.17    -1.70    10.64    25.40    51.37    24.54    10.05     9.54     3.28     7.20    -2.90    -2.57     0.34    -2.28    -4.29    -3.15    -3.13     1.60    -2.87    -1.05    -2.10    -1.14     3.97 
    2.99     2.88     2.17     2.31    -2.14    -1.40    -1.52    -3.30    -4.76    -1.90     1.14    -2.14     0.80    -1.53     8.13     7.41    10.99    13.52    13.77     3.08     5.27     1.19    -2.88    -2.67    -1.76    -0.60    -1.05    -0.38    -3.20     0.97     0.41     2.46     4.14    -2.17    -6.85     0.93 
    7.37    -0.03     0.67    -1.98    -1.67    -4.66    -0.48    -0.57    -6.53    -6.00    -5.32    -1.39    -1.53    -1.82     0.75    -1.69     4.55     2.80     5.79     3.23    -1.66     3.55     2.34     6.32     8.41    12.75     5.79    -2.92     3.45    -0.73    -1.93    -0.22     3.06     1.28     1.07     0.14 
    1.65     3.45    -2.35    -5.34     2.64    -2.43     2.26    -7.36    -9.12    -0.29    -3.74    -3.82     1.64    -1.76    -4.44     0.68    -2.66     3.78     1.68     7.38     1.01     1.53     1.48     1.51    -0.49     6.83    -0.33    -2.22    -2.58     4.16    -0.53    -2.21     7.36     1.64     4.18     0.86 
    2.80    -0.34    -4.88    -0.60     1.29    -4.36    -1.02    -2.39    -3.06    -0.28    -5.61    -3.84    -1.82    -0.56    10.38     2.55    -1.50     5.83     3.99     5.69     4.00    -1.93     2.24    -4.06    -0.61    -3.80    -6.49    -3.63     9.11     1.41    -0.46     0.36     3.19     2.52    -1.18     4.75 
   -2.68    -8.61     0.18    -1.79     3.94     5.31     3.23    -0.46    -5.77     2.26     0.42    -5.72    -5.18    -2.08    -0.05    -1.11     8.77    -2.35     6.24     0.15    -1.19     1.42     1.55    -0.42    -2.94     6.60     3.17     0.68     0.45    -0.07    -5.59     1.12     0.42     1.21     2.91     2.80 
   -2.73    -0.81     4.55     4.51    -1.83     5.77     0.19    10.02    -0.18     1.26    -1.69    -6.51     1.38     3.51     2.71     4.03    -0.49    -0.70     4.41     3.95     0.37     2.35    -1.48     2.03     0.13    -2.90    -0.23     0.62    -4.24    -2.39     2.71    -2.08    -2.63    -0.60     0.49    -1.71 
   -0.93    -2.03     2.48    -2.93     2.52    -2.02     5.50     1.29     0.14    -0.21     1.57     0.35     5.50    -1.52     2.51    -2.98     4.78     0.05    12.18     2.65    -1.76     4.73     8.90     1.15     5.38    -1.22    -0.58    -0.99     2.65     2.88    -2.15    -0.12    -1.07    -1.63     3.91     0.40 
   -2.31    -2.83     0.01    -3.21     7.19     6.63    -0.82    -0.47    -1.71     5.79     4.27    -0.84     0.70     3.68    -4.69     0.97     4.57    -3.26    -2.27    -2.44    -0.53     3.18    12.05    -1.73     0.00    -2.73    -1.46    -2.56     2.50     4.01     1.20    -0.83     3.28     3.34    -4.12     1.72 
   -5.73     0.79     2.05     2.94     4.74     1.80    -5.38    -0.60     2.94     1.27    -6.07     2.54    12.83     7.70    -5.60    -1.58    -1.98     5.01     4.42     2.29     4.87     3.71     3.43     1.98     3.42    -1.56    -2.95    -4.23    -4.69     7.25     2.40    -2.59    -2.30     1.99     4.70     0.35 
    3.39    -3.01     3.16     7.57     3.29     5.23     3.64    -7.59     7.82     0.44     4.43     0.96     5.67     3.07    -0.70     4.12    -3.37     1.13    -0.30     3.12    -1.29    11.73     4.97    -5.19    -2.49     0.00     3.84    -0.75     3.59    -0.86    -3.99     0.31     4.54    -3.72    -1.32    -3.50 
   -1.62     6.47     0.85    -2.70    -0.84     1.51     3.79     1.85    -1.34     1.71     0.03     3.24    -0.76     1.57     0.89    -1.57    -0.64     1.06     1.22     1.48    -2.46    -0.40     0.96    -2.07    -2.45    -0.46    -4.25     0.33    -1.61     0.22    -1.55     0.16    -0.81     2.71    -1.08     1.70 
    0.83     1.03     6.82     0.53     6.38    -1.91     4.78    -1.27     1.55     4.38    -2.80    -1.65    -2.81     2.53     1.84     5.10    -1.74    -0.39     6.59     2.17    -1.84    -3.72     0.24     1.90    -2.48    -2.86     1.39     5.37    -2.83    -0.27    -2.12     0.24    -5.72    -4.09    -2.39     0.61 
    0.00     0.00     0.00     0.00     0.00     0.00     0.00     0.00     0.00     0.00     0.00     0.00     0.00     0.00     0.00     0.00     0.00     0.00     0.00     0.00     0.00     0.00     0.00     0.00     0.00     0.00     0.00     0.00     0.00     0.00     0.00     0.00     0.00     0.00     0.00     0.00 
    0.00     0.00     0.00     0.00     0.00     0.00     0.00     0.00     0.00     0.00     0.00     0.00     0.00     0.00     0.00     0.00 
   -5.08     1.89    -6.50    15.37     3.26     5.69     1.77     8.41     3.42     8.89     8.48    12.79    12.39    16.01     9.14    17.43   108.02   301.61    76.81     8.17     8.26    -2.62    -2.56    -3.72    -8.99    -2.42     3.19    -4.38     5.21     3.72     1.85    -3.19    -8.11     5.75     1.72    -5.74 
    0.00     0.00     0.00     0.00     0.00     0.00     0.00     0.00     0.00     0.00     0.00     0.00     0.00     0.00     0.00     0.00 


P2P Noise Of Each Node:
      33       41       34       28       33       40       31       35       27       40       31       31       40       32       55       35      136      215       91       29       27       35       32       27       29       38       29       35       25       32       32       36       35       53       51       36 
      33       32       31       23       29       35       37       38       32       33       30       31       44       51       52       45      120      226      155       38       26       26       27       27       36       31       24       31       34       38       30       41       39       34       33       34 
      43       32       34       36       30       33       32       46       29       33       29       36       34       39       50       43       79      264       93       34       23       33       47       30       29       28       34       25       29       33       40       27       42       31       50       38 
      38       34       40       39       35       47       34       40       35       37       37       23       35       28       50       36       46       61       48       39       27       29       39       32       33       34       32       39       29       35       34       30       32       30       35       40 
      29       40       32       31       34       40       44       37       40       35       26       41       29       28       41       31       39       45       46       28       32       31       52       35       28       32       21       22       30       30       32       29       34       30       45       31 
      37       34       29       35       26       40       34       31       40       35       31       31       26       29       47       28       36       45       42       30       23       27       42       31       35       35       27       34       33       49       32       29       36       29       37       29 
      33       34       29       36       28       34       32       47       41       34       28       29       30       34       37       34       38       63       39       38       35       29       38       28       20       39       27       32       30       34       25       24       42       30       41       36 
      33       32       33       26       33       36       30       31       29       33       33       29       24       36       51       24       30       57       35       34       26       30       46       26       27       36       28       25       41       27       30       29       34       41       41       43 
      31       44       26       27       33       36       38       39       38       36       25       44       33       36       40       23       39       46       39       28       20       31       37       20       32       31       32       28       25       32       38       37       28       28       33       41 
      31       32       28       31       31       39       38       48       29       34       33       39       34       34       44       31       37       79       34       29       26       30       38       31       26       29       33       26       41       40       38       34       35       29       39       38 
      33       33       30       28       40       43       30       41       33       46       28       30       27       32       43       24       37       50       40       36       36       37       34       30       34       30       23       31       30       29       27       31       34       40       39       38 
      31       47       28       27       36       35       27       42       31       31       34       29       43       47       43       23       39       45       51       33       23       32       46       25       28       31       26       33       24       30       31       26       32       35       41       39 
      39       25       25       24       27       28       32       42       27       35       28       30       44       37       53       24       32       68       32       32       33       31       34       21       24       25       32       33       31       39       29       27       22       35       44       36 
      30       34       31       28       34       36       34       45       34       35       27       30       24       34       40       22       38       55       32       28       33       39       39       32       28       33       35       28       24       32       39       29       33       38       34       41 
      37       37       26       25       31       40       34       27       28       39       23       25       34       33       44       29       31       49       39       33       25       31       47       32       29       27       28       28       28       31       35       23       29       39       41       41 
      37       25       36       24       46       31       32       41       29       34       28       28       29       25       40       29       35       50       41       36       28       33       32       25       32       34       21       29       27       27       39       36       36       37       33       40 
       0        0        0        0        0        0        0        0        0        0        0        0        0        0        0        0        0        0        0        0        0        0        0        0        0        0        0        0        0        0        0        0        0        0        0        0 
       0        0        0        0        0        0        0        0        0        0        0        0        0        0        0        0 
      37       44       40       50       43       39       41       48       58       47       58       47       44       51       44       51       59       77       66       45       45       46       52       45       41       45       49       40       40       55       40       43       35       50       59       49 
       0        0        0        0        0        0        0        0        0        0        0        0        0        0        0        0 


SNR_P2P Of Each Node:
    0.00     0.00     0.00   -20.74     0.00   -22.88   -25.80   -21.66   -15.26     0.00   -16.08    -8.27    -5.54    -3.73   -17.42   -10.35     2.42     7.22     3.26   -16.48     0.00   -15.51     0.00   -15.80     0.00     0.00   -16.87     0.00   -51.06   -23.02     0.00   -23.52     0.00     0.00     0.00     0.00 
  -27.57     0.00     0.00     0.00     0.00     0.00     0.00     0.00     0.00   -17.46   -15.21   -11.15    -6.29    -5.68    -9.61    -4.95    11.09    12.96     6.43    -7.52     0.00   -19.61     0.00     0.00     0.00     0.00   -28.14     0.00     0.00     0.00   -21.45     0.00     0.00     0.00   -28.23     0.00 
    0.00   -21.94     0.00     0.00     0.00   -26.40   -25.14   -23.40     0.00     0.00   -18.98   -22.03    -5.98    -5.57   -19.93    -6.28     0.00    -0.15    -2.81   -17.21   -30.58     0.00     0.00     0.00     0.00     0.00     0.00   -31.31     0.00     0.00     0.00   -23.01     0.00     0.00     0.00     0.00 
    0.00     0.00     0.00     0.00     0.00     0.00     0.00     0.00     0.00     0.00   -19.09     0.00   -14.69   -14.67     0.00   -10.59    -5.16    -1.49    -5.83   -11.78    -9.04   -18.93   -14.67     0.00     0.00   -40.00     0.00     0.00     0.00     0.00   -26.55     0.00     0.00     0.00     0.00   -20.07 
  -19.73   -22.85   -23.37   -22.55     0.00     0.00     0.00     0.00     0.00     0.00   -27.16     0.00   -31.19     0.00   -14.05   -12.43   -11.00   -10.44   -10.48   -19.17   -15.67   -28.32     0.00     0.00     0.00     0.00     0.00     0.00     0.00   -29.81   -37.85   -21.43   -18.29     0.00     0.00   -30.46 
  -14.01     0.00   -32.73     0.00     0.00     0.00     0.00     0.00     0.00     0.00     0.00     0.00     0.00     0.00   -35.94     0.00   -17.97   -24.12   -17.21   -19.36     0.00   -17.62   -25.08   -13.81   -12.39    -8.77   -13.37     0.00   -19.61     0.00     0.00     0.00   -21.41   -27.10   -30.78   -46.33 
  -26.02   -19.87     0.00     0.00   -20.51     0.00   -23.02     0.00     0.00     0.00     0.00     0.00   -25.25     0.00     0.00   -33.98     0.00   -24.44   -27.32   -14.23   -30.79   -25.55   -28.19   -25.36     0.00   -15.13     0.00     0.00     0.00   -18.25     0.00     0.00   -15.13   -25.25   -19.83   -32.44 
  -21.43     0.00     0.00     0.00   -28.16     0.00     0.00     0.00     0.00     0.00     0.00     0.00     0.00     0.00   -13.83   -19.47     0.00   -19.80   -18.86   -15.53   -16.26     0.00   -26.25     0.00     0.00     0.00     0.00     0.00   -13.07   -25.64     0.00   -38.12   -20.55   -24.23     0.00   -19.14 
    0.00     0.00   -43.19     0.00   -18.46   -16.62   -21.41     0.00     0.00   -24.04   -35.49     0.00     0.00     0.00     0.00     0.00   -12.96     0.00   -15.92   -45.42     0.00   -26.78   -27.56     0.00     0.00   -13.44   -20.08   -32.29   -34.89     0.00     0.00   -30.38   -36.48   -27.29   -21.09   -23.31 
    0.00     0.00   -15.78   -16.74     0.00   -16.60   -46.02   -13.61     0.00   -28.62     0.00     0.00   -27.83   -19.72   -24.21   -17.72     0.00     0.00   -17.74   -17.32   -36.94   -22.12     0.00   -23.68   -46.02     0.00     0.00   -32.45     0.00     0.00   -22.94     0.00     0.00     0.00   -38.02     0.00 
    0.00     0.00   -21.65     0.00   -24.01     0.00   -14.74   -30.04   -47.45     0.00   -25.03   -38.66   -13.82     0.00   -24.68     0.00   -17.78   -60.00   -10.33   -22.66     0.00   -17.87   -11.64   -28.33   -16.01     0.00     0.00     0.00   -21.08   -20.06     0.00     0.00     0.00     0.00   -19.98   -39.55 
    0.00     0.00   -68.94     0.00   -13.99   -14.45     0.00     0.00     0.00   -14.57   -18.02     0.00   -35.77   -22.13     0.00   -27.50   -18.62     0.00     0.00     0.00     0.00   -20.05   -11.64     0.00     0.00     0.00     0.00     0.00   -19.65   -17.48   -28.24     0.00   -19.79   -20.41     0.00   -27.11 
    0.00   -30.01   -21.72   -18.24   -15.11   -23.84     0.00     0.00   -19.26   -28.81     0.00   -21.45   -10.70   -13.63     0.00     0.00     0.00   -22.65   -17.19   -22.91   -16.62   -18.44   -19.92   -20.51   -16.92     0.00     0.00     0.00     0.00   -14.61   -21.64     0.00     0.00   -24.90   -19.43   -40.24 
  -18.94     0.00   -19.83   -11.36   -20.29   -16.76   -19.41     0.00   -12.77   -38.01   -15.70   -29.90   -12.53   -20.89     0.00   -14.55     0.00   -33.75     0.00   -19.06     0.00   -10.44   -17.89     0.00     0.00     0.00   -19.19     0.00   -16.50     0.00     0.00   -39.42   -17.23     0.00     0.00     0.00 
    0.00   -15.15   -29.71     0.00     0.00   -28.46   -19.06   -23.28     0.00   -27.16   -57.69   -17.75     0.00   -26.45   -33.88     0.00     0.00   -33.30   -30.09   -26.97     0.00     0.00   -33.80     0.00     0.00     0.00     0.00   -38.57     0.00   -42.98     0.00   -43.15     0.00   -23.16     0.00   -27.65 
  -32.98   -27.70   -14.45   -33.12   -17.16     0.00   -16.51     0.00   -25.44   -17.80     0.00     0.00     0.00   -19.90   -26.74   -15.10     0.00     0.00   -15.88   -24.40     0.00     0.00   -42.50   -22.38     0.00     0.00   -23.58   -14.65     0.00     0.00     0.00   -43.52     0.00     0.00     0.00   -36.33 
    0.00     0.00     0.00     0.00     0.00     0.00     0.00     0.00     0.00     0.00     0.00     0.00     0.00     0.00     0.00     0.00     0.00     0.00     0.00     0.00     0.00     0.00     0.00     0.00     0.00     0.00     0.00     0.00     0.00     0.00     0.00     0.00     0.00     0.00     0.00     0.00 
    0.00     0.00     0.00     0.00     0.00     0.00     0.00     0.00     0.00     0.00     0.00     0.00     0.00     0.00     0.00     0.00 
    0.00   -27.34     0.00   -10.25   -22.41   -16.72   -27.30   -15.13   -24.59   -14.46   -16.70   -11.30   -11.01   -10.06   -13.65    -9.33     5.25    11.86     1.32   -14.82   -14.72     0.00     0.00     0.00     0.00     0.00   -23.73     0.00   -17.70   -23.40   -26.70     0.00     0.00   -18.79   -30.71     0.00 
    0.00     0.00     0.00     0.00     0.00     0.00     0.00     0.00     0.00     0.00     0.00     0.00     0.00     0.00     0.00     0.00 


