**************************************************SNR RMS Data*******************************************
TxNum:16
RxNum:36


SNRRMSAvgMcap:1004.57
SNRRMSSqrtMcap:45.12
SNRRMSMcap:26.95
Noise Max Data(Mcap):
    1061     1061     1064     1046     1051     1042     1052     1058     1071     1040     1068     1062     1088     1044     1079     1072     1043     1046     1047     1044     1046     1041     1036     1047     1045     1050     1040     1034     1018     1032      998      991     1016     1030     1037     1003     1028     1048     1033     1023     1029     1014      989     1000      988      995      981      999     1027     1031     1008     1023     1001      987      977     1009     1004     1011     1004     1016     1010     1024     1020      977     1012      998     1019      983     1017     1019      991      996     1005     1013      934     1007      963      971      981      986      993      979      937      944      960      958      951      936      940      917      929      931      927      938      917      931      927      902      924      862 

Noise Max Data(Scap WaterOnRx):
SNRRMSAvgScapWaterOnRx:0.00
SNRRMSSqrtScapWaterOnRx:0.00
SNRRMSScapWaterOnRx:0.00
       0        0        0        0        0        0        0        0        0        0        0        0        0        0        0        0        0        0        0        0        0        0        0        0        0        0        0        0        0        0        0        0        0        0        0        0        0        0        0        0        0        0        0        0        0        0        0        0        0        0        0        0        0        0        0        0        0        0        0        0        0        0        0        0        0        0        0        0        0        0        0        0        0        0        0        0        0        0        0        0        0        0        0        0        0        0        0        0        0        0        0        0        0        0        0        0        0        0        0        0 

Noise Max Data(Scap WaterOnTx):
SNRRMSAvgScapWaterOnTx:0.00
SNRRMSSqrtScapWaterOnTx:0.00
SNRRMSScapWaterOnTx:0.00
       0        0        0        0        0        0        0        0        0        0        0        0        0        0        0        0        0        0        0        0        0        0        0        0        0        0        0        0        0        0        0        0        0        0        0        0        0        0        0        0        0        0        0        0        0        0        0        0        0        0        0        0        0        0        0        0        0        0        0        0        0        0        0        0        0        0        0        0        0        0        0        0        0        0        0        0        0        0        0        0        0        0        0        0        0        0        0        0        0        0        0        0        0        0        0        0        0        0        0        0 

Noise Max Data(Scap OtherModeRx):
SNRRMSAvgScapOtherModeRx:301.61
SNRRMSSqrtScapOtherModeRx:15.03
SNRRMSScapOtherModeRx:26.05
     331      317      318      297      306      317      339      339      322      307      317      321      326      332      333      327      313      316      298      301      309      307      313      304      299      302      301      314      286      309      305      307      307      305      307      302      289      284      300      308      299      305      320      300      298      304      304      298      286      302      302      300      306      300      299      317      312      286      300      301      293      293      303      311      302      314      325      310      319      290      304      302      292      295      280      279      291      299      299      291      284      302      286      295      287      295      282      289      278      293      292      297      292      285      265      273      279      264      295      262 

Noise Max Data(Scap OtherModeTx):
SNRRMSAvgScapOtherModeTx:0.00
SNRRMSSqrtScapOtherModeTx:0.00
SNRRMSScapOtherModeTx:0.00
       0        0        0        0        0        0        0        0        0        0        0        0        0        0        0        0        0        0        0        0        0        0        0        0        0        0        0        0        0        0        0        0        0        0        0        0        0        0        0        0        0        0        0        0        0        0        0        0        0        0        0        0        0        0        0        0        0        0        0        0        0        0        0        0        0        0        0        0        0        0        0        0        0        0        0        0        0        0        0        0        0        0        0        0        0        0        0        0        0        0        0        0        0        0        0        0        0        0        0        0 


