**************************************************SNR RMS Data*******************************************
TxNum:16
RxNum:36


SNRRMSAvgMcap:1038.11
SNRRMSSqrtMcap:13.60
SNRRMSMcap:37.66
Noise Max Data(Mcap):
    1037     1081     1053     1049     1016     1055     1046     1053     1047     1055     1045     1022     1033     1011     1026     1056     1049     1051     1042     1033     1056     1038     1029     1038     1030     1040     1033     1038     1072     1031     1040     1025     1036     1037     1023     1034     1045     1030     1038     1042     1034     1033     1060     1029     1044     1028     1035     1035     1013     1052     1044     1041     1048     1050     1043     1032     1053     1050     1058     1043     1037     1034     1039     1042     1032     1046     1041     1030     1055     1054     1025     1031     1035     1050     1054     1042     1007     1043     1050     1054     1054     1043     1030     1013     1030     1032     1023     1048     1020     1029     1044     1014     1009     1007     1015     1035     1024     1024     1031     1045 

Noise Max Data(Scap WaterOnRx):
SNRRMSAvgScapWaterOnRx:0.00
SNRRMSSqrtScapWaterOnRx:0.00
SNRRMSScapWaterOnRx:0.00
       0        0        0        0        0        0        0        0        0        0        0        0        0        0        0        0        0        0        0        0        0        0        0        0        0        0        0        0        0        0        0        0        0        0        0        0        0        0        0        0        0        0        0        0        0        0        0        0        0        0        0        0        0        0        0        0        0        0        0        0        0        0        0        0        0        0        0        0        0        0        0        0        0        0        0        0        0        0        0        0        0        0        0        0        0        0        0        0        0        0        0        0        0        0        0        0        0        0        0        0 

Noise Max Data(Scap WaterOnTx):
SNRRMSAvgScapWaterOnTx:0.00
SNRRMSSqrtScapWaterOnTx:0.00
SNRRMSScapWaterOnTx:0.00
       0        0        0        0        0        0        0        0        0        0        0        0        0        0        0        0        0        0        0        0        0        0        0        0        0        0        0        0        0        0        0        0        0        0        0        0        0        0        0        0        0        0        0        0        0        0        0        0        0        0        0        0        0        0        0        0        0        0        0        0        0        0        0        0        0        0        0        0        0        0        0        0        0        0        0        0        0        0        0        0        0        0        0        0        0        0        0        0        0        0        0        0        0        0        0        0        0        0        0        0 

Noise Max Data(Scap OtherModeRx):
SNRRMSAvgScapOtherModeRx:334.18
SNRRMSSqrtScapOtherModeRx:12.04
SNRRMSScapOtherModeRx:28.87
     337      317      317      320      324      325      321      324      317      335      327      326      320      333      336      307      329      360      333      318      337      320      320      314      311      331      344      322      329      340      322      339      329      326      342      326      346      328      326      365      322      338      325      350      338      342      344      321      337      339      333      323      347      334      337      344      327      324      338      349      334      354      357      346      339      341      332      350      342      342      343      341      337      345      351      354      363      337      334      336      357      342      313      321      331      329      337      348      326      317      357      321      328      336      330      339      338      344      331      340 

Noise Max Data(Scap OtherModeTx):
SNRRMSAvgScapOtherModeTx:0.00
SNRRMSSqrtScapOtherModeTx:0.00
SNRRMSScapOtherModeTx:0.00
       0        0        0        0        0        0        0        0        0        0        0        0        0        0        0        0        0        0        0        0        0        0        0        0        0        0        0        0        0        0        0        0        0        0        0        0        0        0        0        0        0        0        0        0        0        0        0        0        0        0        0        0        0        0        0        0        0        0        0        0        0        0        0        0        0        0        0        0        0        0        0        0        0        0        0        0        0        0        0        0        0        0        0        0        0        0        0        0        0        0        0        0        0        0        0        0        0        0        0        0 


