**************************************************RMS Noise SNR Each Node*******************************************
TxNum:16
RxNum:36


Signal Of Each Node:
   -7.37     1.86     5.29    -2.00    -0.13     4.31    -3.40     3.48    -1.31     0.63     2.79     4.43    -0.39     2.74    -1.72     5.14    -5.62    -3.58     5.26     1.02     1.94    -3.84    -1.69    -2.46    -1.63    -1.27     2.43     1.45    -1.29    -5.17    -3.23     2.14     6.05    -6.37    -4.98    -1.17 
    1.44    -0.20     3.97    -0.85    -2.48    -1.10    10.85    -0.72    -0.01     1.89    -0.93    10.40    -4.51     6.27    -0.01     2.92     2.90     3.30     0.51    -1.31     4.37     3.27    -4.94     1.87    -0.91    -3.43    -6.80     3.02     0.53     3.56     0.27    -1.03    -3.83    -1.00     4.49     3.14 
   -3.24    -1.48     4.82     2.74     0.28    -3.53     1.58     1.40    -4.35     0.64     4.58     5.28    -1.67     0.22     1.01    -0.19    -3.80    -1.27    -1.59     2.78     1.48    -0.78    -2.31     2.70    -4.75    -2.12     1.06    -0.19    -0.77   -12.14    -0.17    -6.19     5.46    -5.06     0.78    -6.48 
   -2.57     4.86     3.83    -4.19    -1.08    -5.91     1.46    -7.05    -3.51     1.97    -3.89     3.71    -6.05     1.69     1.65     1.91     4.19     3.04    -3.35     1.92     8.57     6.45     3.66     6.73    -4.87    -3.32     2.24    -2.25     0.50    -1.00    -1.32    -4.24     0.68     0.98    -6.55    -5.56 
    6.55    -1.36     4.16    -1.95    -1.24     4.53    -1.53     8.58     3.64     2.33    -1.91     8.09    -1.98    -3.79    15.06     4.03     4.78    -1.33     2.93    -0.38     4.76     1.64     4.61    -2.10    -1.60    -0.85    -1.55    -1.34     1.84    -1.33    -1.61    -4.48    -7.31     1.86     4.33     0.15 
    3.19    -2.98    -2.63     1.30     2.25     3.19    -6.31     0.13    -0.54    -4.14     3.94     0.22     1.31    -4.35     5.40     2.57     5.07     7.25     7.82     6.16     4.21     8.25     4.48     1.15    -4.16    -1.52    -0.11     3.57    -2.95    -7.18    -1.24    -0.28     1.61    -3.61    -6.54    -6.99 
   -2.16     7.16    -7.10    -4.01    -2.67    -2.14     4.44    -5.11    -2.25     1.42    -1.89    -3.03     3.57     1.95    -4.77     4.77    16.39    21.43    13.48     1.63     1.49     1.69    -0.71    -1.47     0.95     1.85     0.95    -2.43    -2.84    -2.33    -2.11    -3.17    -0.91    -4.72   -10.42    -8.34 
   -1.36     3.65    -1.02    -5.03    -2.67    -2.02     0.68     0.14    -0.52     0.65     5.08    -1.05     1.43     5.56     7.13    17.28   136.84   364.00    82.26    19.38     9.32     4.57     1.58    -0.30    -0.45     2.76     0.06    -3.85    -3.89     0.23    -2.59    -2.94    -0.10    -4.22    -2.44    -2.02 
   -2.18    -0.63     0.74    -1.14    -2.28    -0.90    -2.81    -1.42     1.76    -3.83     2.20     2.89     4.00     2.90     0.75    35.04   504.46  1038.11   295.17    32.45    15.84     9.49     4.64    -0.61     3.28    -1.49    -2.70    -2.49    -2.59     2.80    -3.27    -3.23    -1.94    -1.42    -4.46    -1.15 
    5.51    -1.09    -2.59    -3.01    -0.16    -1.00    -4.86     2.09    -5.05    -3.73    -0.93     2.58    -3.53     0.73    14.23    20.91   146.10   446.42    76.55    17.17    15.66     9.32    -3.49     1.66     5.10     1.80     2.01     3.96    -2.00    -3.92    -1.05    -1.80    -2.68     0.12     0.71    -1.19 
    2.14    -4.77     3.22    -1.03     4.71    -5.97    -0.18     3.34    -4.63    -5.03    -1.61    -2.43    -3.49     6.20     4.48    14.14    15.38    19.53    15.61    15.58    -0.09     2.66     3.24     1.10     5.03    -2.46    -5.47    -6.73    -1.40    -4.02    -1.23    -2.39     1.46    -2.59    -1.14    -3.02 
   -1.40    -1.52    -0.61    -3.58     8.08    -5.29     6.44    -0.64     6.17     7.05     5.39    -4.38     3.87    -0.02     7.78    11.93     9.39     3.85    -2.04    -0.05     0.24     1.77     3.74     2.82    -3.42     9.05    -0.97    -3.16    -3.54    -1.61     2.79     0.22     2.68    -2.71    -3.55    -1.74 
   -1.44     1.77     1.35     2.33     3.45     8.64     1.05    -0.48     2.27     1.07    -4.03    -3.86    -2.52     1.14     2.99     3.24     3.81     2.38    11.41     0.53     2.29     9.60    -0.75     4.53    -1.05    -4.45    -1.78     1.96    -3.66    -0.27    -2.81    -2.98    -1.56    -3.10     2.60    -1.21 
   -1.02     7.54    -6.96     1.96    -2.90     8.60     5.48    -4.98    -4.62     3.26    -0.53     4.85     1.95     0.30     4.49     3.41     4.37     9.39     7.88     3.19    -1.99     1.33    -4.43    -0.79    -3.98    -2.81    -0.90    -4.01    -0.33    -0.22    -3.59     1.63    -1.11    -1.14     0.54     2.68 
   -2.10    -0.53     1.76     4.68     0.16    -5.79     5.51    -5.36    -1.33     2.77     2.57     3.50     0.00    -3.02    -4.25     0.89     1.69     4.60    -1.39    -1.87    -0.13     1.77     9.54     7.50     7.30     0.67    -3.80    -6.24     5.78     1.03    -1.92    -5.67    -1.95    -2.15     5.46    -3.93 
    0.11     6.96    -4.03     5.57     3.70    -3.61     2.71     4.18    -1.33    11.60     4.39    -2.37     1.77     8.31     1.21    -2.25    -0.38     8.07     0.20     3.22    -1.57     2.81    -0.26     0.61     4.48    -3.18    -0.48     4.32    -3.73    -2.47    -3.18     4.50    -1.99    -1.22     1.78    -0.79 
    0.00     0.00     0.00     0.00     0.00     0.00     0.00     0.00     0.00     0.00     0.00     0.00     0.00     0.00     0.00     0.00     0.00     0.00     0.00     0.00     0.00     0.00     0.00     0.00     0.00     0.00     0.00     0.00     0.00     0.00     0.00     0.00     0.00     0.00     0.00     0.00 
    0.00     0.00     0.00     0.00     0.00     0.00     0.00     0.00     0.00     0.00     0.00     0.00     0.00     0.00     0.00     0.00 
  -11.92    -5.93   -13.75    -2.79    -3.10   -12.53    -3.92   -11.38    -7.18    -7.59    -1.78    -1.60     6.58    13.84    14.42    25.85   135.26   334.18    90.23    31.34    26.38    21.37    18.18    10.29    13.09    -0.28    11.92    -1.16     4.42     4.44     0.02     0.13     4.34     8.78     7.72    -1.07 
    0.00     0.00     0.00     0.00     0.00     0.00     0.00     0.00     0.00     0.00     0.00     0.00     0.00     0.00     0.00     0.00 


RMS Noise Of Each Node:
    7.76     6.47     6.17     5.37     6.87     7.27     7.63     7.28     5.64     6.14     5.89     6.37     6.54     6.58     7.59     6.03     7.36    10.25     7.55     5.63     4.97     6.58     7.08     5.37     5.28     5.84     5.37     4.62     5.26     8.27     5.67     6.07     7.09     7.63     8.11     6.24 
    6.48     5.98     6.54     6.23     6.44     6.51     7.92     6.89     5.45     6.01     5.60     7.26     6.20     6.37     7.57     5.07     6.49     9.91     7.06     5.51     6.05     5.47     8.59     5.55     5.05     6.48     9.42     5.58     4.68     5.95     5.28     5.16     6.61     5.77     7.70     6.99 
    6.51     9.20     7.96     6.54     5.91     5.72     7.33     7.70     6.58     6.99     6.99     8.27     5.83     6.11     8.05     4.65     6.44     9.97     7.07     6.46     5.03     6.07     7.00     5.51     6.35     5.34     5.57     4.53     4.60     8.70     5.94     7.80     8.24     6.50     7.83     7.18 
    7.37     7.31     6.93     5.95     5.82     8.28     5.94     8.83     6.36     6.23     6.05     6.07     7.05     5.73     7.99     6.60     7.06    11.14     8.29     5.93     7.33     7.08     7.00     7.28     5.02     5.57     5.77     5.02     5.37     4.81     6.18     5.08     5.62     6.40     7.95     7.84 
    7.55     9.86     6.77     5.18     6.38     6.67     6.52     7.93     6.33     6.34     5.69     7.31     5.91     6.73     9.98     6.38     6.83     8.90     6.47     6.06     5.25     5.65     6.91     5.66     4.75     5.41     5.81     5.65     5.03     5.07     6.45     7.40     9.46     5.96     8.08     7.03 
    6.15     7.01     6.61     5.15     6.97     7.97     7.97     6.73     5.71     7.11     6.70     6.10     5.92     6.90     8.41     5.78     6.86     9.89     8.91     7.10     5.90     7.95     7.84     5.79     5.90     6.03     5.00     5.62     5.38     8.64     6.08     5.87     6.33     7.46     8.23     8.06 
    6.71     8.38     6.96     6.40     5.13     6.37     7.09     8.42     5.98     7.14     5.86     5.62     6.33     6.33     8.52     7.08    10.14    13.74     9.93     6.34     4.81     5.56     7.01     5.13     5.26     5.42     5.72     5.36     5.67     6.07     6.66     6.05     5.18     7.47    10.02     8.65 
    6.78     6.45     6.47     7.84     6.25     7.42     7.15     7.40     5.52     6.66     6.00     6.13     5.78     7.13     9.59     6.96    11.37    19.37     9.97     8.14     7.14     5.52     6.86     5.11     5.42     5.87     5.84     5.99     7.05     6.33     5.81     6.42     5.89     8.09     7.92     7.52 
    7.16     5.96     5.82     5.92     6.58     6.90     6.24     7.41     5.24     7.08     6.16     5.91     6.03     6.35     8.73     6.64    27.27    13.60    16.94     7.66     6.57     5.75     7.37     5.65     5.70     5.87     8.61     5.51     4.97     7.10     7.60     6.56     7.67     7.87     9.00     7.35 
    6.63     6.65     6.88     5.34     6.04     6.89     8.94     7.11     8.25     8.23     5.42     6.28     6.80     5.90     9.01     6.82    13.65    24.47    11.38     8.61     6.33     6.72     8.42     5.40     6.10     5.98     4.79     5.33     5.60     8.92     6.08     6.10     7.25     6.31     7.83     7.32 
    6.09     7.75     5.96     5.34     6.58     8.07     6.89     7.75     7.21     7.37     6.34     5.69     6.58     7.28     9.33     8.23     8.16    10.90     9.90     7.40     4.29     6.08     7.42     5.17     5.42     5.78     9.18     9.11     4.46     8.26     5.46     5.90     6.50     7.88     7.07     7.30 
    7.11     6.57     5.49     7.23     6.97     9.38     7.34     8.76     6.60     6.87     6.97     8.32     7.11     7.35     9.00     6.03     7.22     9.21     7.87     6.28     5.29     5.55     7.94     5.53     6.59     6.84     6.19     6.05     5.50     6.13     6.11     6.30     6.22     7.07     8.00     7.73 
    5.57     5.94     5.92     5.06     6.40     7.32     5.90     7.50     6.32     6.57     7.09     6.14     6.12     7.04     8.50     5.54     6.94     8.39     9.42     5.91     5.55     6.70     7.35     6.49     4.78     7.67     7.15     5.95     6.64     5.64     6.77     5.14     6.59     7.07     8.12     7.03 
    6.21     7.36     8.13     5.81     7.13     7.37     8.10     8.55     6.59     6.92     5.48     6.09     6.09     5.86     8.52     5.47     6.75    10.88     8.62     7.07     5.04     5.60     7.92     5.29     6.93     5.91     5.47     5.44     4.92     5.79     6.43     5.33     5.51     6.43     6.17     7.17 
    6.19     6.15     5.66     6.50     7.78     7.82     7.46     8.28     5.62     7.01     5.79     7.02     4.75     6.86     7.96     5.69     6.50    10.02     7.15     5.93     5.76     6.37     8.59     6.69     7.22     6.31     6.11     6.68     5.81     5.25     5.15     7.45     6.10     5.85     7.59     8.32 
    7.13     6.79     5.73     6.10     6.17     6.99     6.56     6.93     5.84     7.57     5.67     6.39     6.29     6.31     7.01     5.16     6.71    11.09     7.22     6.51     5.78     5.77     7.01     5.26     5.03     6.36     4.78     5.13     7.23     6.88     7.08     5.26     7.22     6.60     7.61     7.53 
    0.00     0.00     0.00     0.00     0.00     0.00     0.00     0.00     0.00     0.00     0.00     0.00     0.00     0.00     0.00     0.00     0.00     0.00     0.00     0.00     0.00     0.00     0.00     0.00     0.00     0.00     0.00     0.00     0.00     0.00     0.00     0.00     0.00     0.00     0.00     0.00 
    0.00     0.00     0.00     0.00     0.00     0.00     0.00     0.00     0.00     0.00     0.00     0.00     0.00     0.00     0.00     0.00 
    8.17     7.36     8.55    10.48     8.74     7.15     7.71     9.06     9.63     7.82     7.47     9.00     7.72    10.01    10.33     9.47    11.34    12.04    11.25    10.27     9.16     8.08    10.00    10.47     7.85     7.31    10.41     8.83     9.15    10.66     8.78    10.31     7.63     9.67    10.35     8.40 
    0.00     0.00     0.00     0.00     0.00     0.00     0.00     0.00     0.00     0.00     0.00     0.00     0.00     0.00     0.00     0.00 


SNR_RMS Of Each Node:
    0.00   -10.83    -1.34     0.00     0.00    -4.54     0.00    -6.41     0.00   -19.77    -6.49    -3.16     0.00    -7.61     0.00    -1.39     0.00     0.00    -3.14   -14.84    -8.17     0.00     0.00     0.00     0.00     0.00    -6.89   -10.07     0.00     0.00     0.00    -9.05    -1.38     0.00     0.00     0.00 
  -13.07     0.00    -4.33     0.00     0.00     0.00     2.74     0.00     0.00   -10.04     0.00     3.12     0.00    -0.14     0.00    -4.79    -6.99    -9.55   -22.82     0.00    -2.83    -4.46     0.00    -9.44     0.00     0.00     0.00    -5.34   -18.93    -4.46   -25.83     0.00     0.00     0.00    -4.68    -6.95 
    0.00     0.00    -4.35    -7.56   -26.49     0.00   -13.33   -14.81     0.00   -20.76    -3.67    -3.90     0.00   -28.88   -18.03     0.00     0.00     0.00     0.00    -7.33   -10.63     0.00     0.00    -6.19     0.00     0.00   -14.41     0.00     0.00     0.00     0.00     0.00    -3.58     0.00   -20.03     0.00 
    0.00    -3.55    -5.15     0.00     0.00     0.00   -12.19     0.00     0.00   -10.00     0.00    -4.28     0.00   -10.61   -13.70   -10.77    -4.53   -11.28     0.00    -9.79     1.35    -0.81    -5.64    -0.68     0.00     0.00    -8.22     0.00   -20.61     0.00     0.00     0.00   -18.34   -16.30     0.00     0.00 
   -1.23     0.00    -4.23     0.00     0.00    -3.37     0.00     0.69    -4.81    -8.70     0.00     0.88     0.00     0.00     3.58    -3.99    -3.10     0.00    -6.89     0.00    -0.85   -10.75    -3.52     0.00     0.00     0.00     0.00     0.00    -8.73     0.00     0.00     0.00     0.00   -10.12    -5.41   -33.41 
   -5.71     0.00     0.00   -11.97    -9.82    -7.95     0.00   -34.28     0.00     0.00    -4.61   -28.86   -13.10     0.00    -3.85    -7.04    -2.62    -2.70    -1.13    -1.23    -2.93     0.32    -4.86   -14.04     0.00     0.00     0.00    -3.94     0.00     0.00     0.00     0.00   -11.89     0.00     0.00     0.00 
    0.00    -1.37     0.00     0.00     0.00     0.00    -4.06     0.00     0.00   -14.03     0.00     0.00    -4.98   -10.23     0.00    -3.43     4.17     3.86     2.66   -11.80   -10.18   -10.34     0.00     0.00   -14.86    -9.33   -15.60     0.00     0.00     0.00     0.00     0.00     0.00     0.00     0.00     0.00 
    0.00    -4.94     0.00     0.00     0.00     0.00   -20.44   -34.46     0.00   -20.21    -1.45     0.00   -12.13    -2.16    -2.58     7.90    21.61    25.48    18.33     7.53     2.32    -1.64   -12.75     0.00     0.00    -6.56   -39.76     0.00     0.00   -28.79     0.00     0.00     0.00     0.00     0.00     0.00 
    0.00     0.00   -17.91     0.00     0.00     0.00     0.00     0.00    -9.48     0.00    -8.94    -6.21    -3.57    -6.81   -21.32    14.45    25.34    37.66    24.82    12.54     7.64     4.35    -4.02     0.00    -4.80     0.00     0.00     0.00     0.00    -8.09     0.00     0.00     0.00     0.00     0.00     0.00 
   -1.61     0.00     0.00     0.00     0.00     0.00     0.00   -10.64     0.00     0.00     0.00    -7.73     0.00   -18.15     3.97     9.73    20.59    25.22    16.55     6.00     7.87     2.84     0.00   -10.25    -1.56   -10.44    -7.54    -2.59     0.00     0.00     0.00     0.00     0.00   -34.42   -20.85     0.00 
   -9.09     0.00    -5.34     0.00    -2.91     0.00     0.00    -7.31     0.00     0.00     0.00     0.00     0.00    -1.39    -6.37     4.70     5.50     5.07     3.96     6.47     0.00    -7.18    -7.20   -13.44    -0.65     0.00     0.00     0.00     0.00     0.00     0.00     0.00   -12.96     0.00     0.00     0.00 
    0.00     0.00     0.00     0.00     1.28     0.00    -1.14     0.00    -0.59     0.23    -2.23     0.00    -5.28     0.00    -1.27     5.93     2.29    -7.58     0.00     0.00   -26.86    -9.93    -6.54    -5.85     0.00     2.43     0.00     0.00     0.00     0.00    -6.81   -29.14    -7.31     0.00     0.00     0.00 
    0.00   -10.52   -12.84    -6.74    -5.37     1.43   -14.99     0.00    -8.89   -15.76     0.00     0.00     0.00   -15.82    -9.07    -4.66    -5.21   -10.94     1.66   -20.95    -7.69     3.13     0.00    -3.12     0.00     0.00     0.00    -9.65     0.00     0.00     0.00     0.00     0.00     0.00    -9.89     0.00 
    0.00     0.21     0.00    -9.43     0.00     1.34    -3.40     0.00     0.00    -6.54     0.00    -1.98    -9.89   -25.82    -5.56    -4.11    -3.77    -1.28    -0.78    -6.91     0.00   -12.48     0.00     0.00     0.00     0.00     0.00     0.00     0.00     0.00     0.00   -10.29     0.00     0.00   -21.16    -8.55 
    0.00     0.00   -10.15    -2.85   -33.74     0.00    -2.63     0.00     0.00    -8.06    -7.06    -6.04     0.00     0.00     0.00   -16.11   -11.70    -6.76     0.00     0.00     0.00   -11.13     0.91     1.00     0.10   -19.47     0.00     0.00    -0.04   -14.15     0.00     0.00     0.00     0.00    -2.86     0.00 
  -36.23     0.22     0.00    -0.79    -4.44     0.00    -7.68    -4.39     0.00     3.70    -2.23     0.00   -11.02     2.40   -15.25     0.00     0.00    -2.76   -31.14    -6.11     0.00    -6.24     0.00   -18.72    -1.01     0.00     0.00    -1.49     0.00     0.00     0.00    -1.35     0.00     0.00   -12.62     0.00 
    0.00     0.00     0.00     0.00     0.00     0.00     0.00     0.00     0.00     0.00     0.00     0.00     0.00     0.00     0.00     0.00     0.00     0.00     0.00     0.00     0.00     0.00     0.00     0.00     0.00     0.00     0.00     0.00     0.00     0.00     0.00     0.00     0.00     0.00     0.00     0.00 
    0.00     0.00     0.00     0.00     0.00     0.00     0.00     0.00     0.00     0.00     0.00     0.00     0.00     0.00     0.00     0.00 
    0.00     0.00     0.00     0.00     0.00     0.00     0.00     0.00     0.00     0.00     0.00     0.00    -1.39     2.81     2.90     8.72    21.53    28.87    18.08     9.69     9.19     8.44     5.19    -0.15     4.44     0.00     1.17     0.00    -6.32    -7.61   -52.85   -37.98    -4.90    -0.84    -2.55     0.00 
    0.00     0.00     0.00     0.00     0.00     0.00     0.00     0.00     0.00     0.00     0.00     0.00     0.00     0.00     0.00     0.00 


