**************************************************P2P_Noise SNR Of Each Node*******************************************
TxNum:16
RxNum:36


Signal Of Each Node:
   -7.37     1.86     5.29    -2.00    -0.13     4.31    -3.40     3.48    -1.31     0.63     2.79     4.43    -0.39     2.74    -1.72     5.14    -5.62    -3.58     5.26     1.02     1.94    -3.84    -1.69    -2.46    -1.63    -1.27     2.43     1.45    -1.29    -5.17    -3.23     2.14     6.05    -6.37    -4.98    -1.17 
    1.44    -0.20     3.97    -0.85    -2.48    -1.10    10.85    -0.72    -0.01     1.89    -0.93    10.40    -4.51     6.27    -0.01     2.92     2.90     3.30     0.51    -1.31     4.37     3.27    -4.94     1.87    -0.91    -3.43    -6.80     3.02     0.53     3.56     0.27    -1.03    -3.83    -1.00     4.49     3.14 
   -3.24    -1.48     4.82     2.74     0.28    -3.53     1.58     1.40    -4.35     0.64     4.58     5.28    -1.67     0.22     1.01    -0.19    -3.80    -1.27    -1.59     2.78     1.48    -0.78    -2.31     2.70    -4.75    -2.12     1.06    -0.19    -0.77   -12.14    -0.17    -6.19     5.46    -5.06     0.78    -6.48 
   -2.57     4.86     3.83    -4.19    -1.08    -5.91     1.46    -7.05    -3.51     1.97    -3.89     3.71    -6.05     1.69     1.65     1.91     4.19     3.04    -3.35     1.92     8.57     6.45     3.66     6.73    -4.87    -3.32     2.24    -2.25     0.50    -1.00    -1.32    -4.24     0.68     0.98    -6.55    -5.56 
    6.55    -1.36     4.16    -1.95    -1.24     4.53    -1.53     8.58     3.64     2.33    -1.91     8.09    -1.98    -3.79    15.06     4.03     4.78    -1.33     2.93    -0.38     4.76     1.64     4.61    -2.10    -1.60    -0.85    -1.55    -1.34     1.84    -1.33    -1.61    -4.48    -7.31     1.86     4.33     0.15 
    3.19    -2.98    -2.63     1.30     2.25     3.19    -6.31     0.13    -0.54    -4.14     3.94     0.22     1.31    -4.35     5.40     2.57     5.07     7.25     7.82     6.16     4.21     8.25     4.48     1.15    -4.16    -1.52    -0.11     3.57    -2.95    -7.18    -1.24    -0.28     1.61    -3.61    -6.54    -6.99 
   -2.16     7.16    -7.10    -4.01    -2.67    -2.14     4.44    -5.11    -2.25     1.42    -1.89    -3.03     3.57     1.95    -4.77     4.77    16.39    21.43    13.48     1.63     1.49     1.69    -0.71    -1.47     0.95     1.85     0.95    -2.43    -2.84    -2.33    -2.11    -3.17    -0.91    -4.72   -10.42    -8.34 
   -1.36     3.65    -1.02    -5.03    -2.67    -2.02     0.68     0.14    -0.52     0.65     5.08    -1.05     1.43     5.56     7.13    17.28   136.84   364.00    82.26    19.38     9.32     4.57     1.58    -0.30    -0.45     2.76     0.06    -3.85    -3.89     0.23    -2.59    -2.94    -0.10    -4.22    -2.44    -2.02 
   -2.18    -0.63     0.74    -1.14    -2.28    -0.90    -2.81    -1.42     1.76    -3.83     2.20     2.89     4.00     2.90     0.75    35.04   504.46  1038.11   295.17    32.45    15.84     9.49     4.64    -0.61     3.28    -1.49    -2.70    -2.49    -2.59     2.80    -3.27    -3.23    -1.94    -1.42    -4.46    -1.15 
    5.51    -1.09    -2.59    -3.01    -0.16    -1.00    -4.86     2.09    -5.05    -3.73    -0.93     2.58    -3.53     0.73    14.23    20.91   146.10   446.42    76.55    17.17    15.66     9.32    -3.49     1.66     5.10     1.80     2.01     3.96    -2.00    -3.92    -1.05    -1.80    -2.68     0.12     0.71    -1.19 
    2.14    -4.77     3.22    -1.03     4.71    -5.97    -0.18     3.34    -4.63    -5.03    -1.61    -2.43    -3.49     6.20     4.48    14.14    15.38    19.53    15.61    15.58    -0.09     2.66     3.24     1.10     5.03    -2.46    -5.47    -6.73    -1.40    -4.02    -1.23    -2.39     1.46    -2.59    -1.14    -3.02 
   -1.40    -1.52    -0.61    -3.58     8.08    -5.29     6.44    -0.64     6.17     7.05     5.39    -4.38     3.87    -0.02     7.78    11.93     9.39     3.85    -2.04    -0.05     0.24     1.77     3.74     2.82    -3.42     9.05    -0.97    -3.16    -3.54    -1.61     2.79     0.22     2.68    -2.71    -3.55    -1.74 
   -1.44     1.77     1.35     2.33     3.45     8.64     1.05    -0.48     2.27     1.07    -4.03    -3.86    -2.52     1.14     2.99     3.24     3.81     2.38    11.41     0.53     2.29     9.60    -0.75     4.53    -1.05    -4.45    -1.78     1.96    -3.66    -0.27    -2.81    -2.98    -1.56    -3.10     2.60    -1.21 
   -1.02     7.54    -6.96     1.96    -2.90     8.60     5.48    -4.98    -4.62     3.26    -0.53     4.85     1.95     0.30     4.49     3.41     4.37     9.39     7.88     3.19    -1.99     1.33    -4.43    -0.79    -3.98    -2.81    -0.90    -4.01    -0.33    -0.22    -3.59     1.63    -1.11    -1.14     0.54     2.68 
   -2.10    -0.53     1.76     4.68     0.16    -5.79     5.51    -5.36    -1.33     2.77     2.57     3.50     0.00    -3.02    -4.25     0.89     1.69     4.60    -1.39    -1.87    -0.13     1.77     9.54     7.50     7.30     0.67    -3.80    -6.24     5.78     1.03    -1.92    -5.67    -1.95    -2.15     5.46    -3.93 
    0.11     6.96    -4.03     5.57     3.70    -3.61     2.71     4.18    -1.33    11.60     4.39    -2.37     1.77     8.31     1.21    -2.25    -0.38     8.07     0.20     3.22    -1.57     2.81    -0.26     0.61     4.48    -3.18    -0.48     4.32    -3.73    -2.47    -3.18     4.50    -1.99    -1.22     1.78    -0.79 
    0.00     0.00     0.00     0.00     0.00     0.00     0.00     0.00     0.00     0.00     0.00     0.00     0.00     0.00     0.00     0.00     0.00     0.00     0.00     0.00     0.00     0.00     0.00     0.00     0.00     0.00     0.00     0.00     0.00     0.00     0.00     0.00     0.00     0.00     0.00     0.00 
    0.00     0.00     0.00     0.00     0.00     0.00     0.00     0.00     0.00     0.00     0.00     0.00     0.00     0.00     0.00     0.00 
  -11.92    -5.93   -13.75    -2.79    -3.10   -12.53    -3.92   -11.38    -7.18    -7.59    -1.78    -1.60     6.58    13.84    14.42    25.85   135.26   334.18    90.23    31.34    26.38    21.37    18.18    10.29    13.09    -0.28    11.92    -1.16     4.42     4.44     0.02     0.13     4.34     8.78     7.72    -1.07 
    0.00     0.00     0.00     0.00     0.00     0.00     0.00     0.00     0.00     0.00     0.00     0.00     0.00     0.00     0.00     0.00 


P2P Noise Of Each Node:
      34       32       25       28       32       37       43       35       32       33       31       32       40       34       41       38       33       59       38       34       24       33       40       26       28       31       31       24       27       46       28       32       34       39       42       35 
      31       27       33       34       33       32       31       36       26       28       30       32       33       30       41       23       31       59       36       30       24       26       38       28       25       33       44       30       30       35       25       30       34       38       37       40 
      33       42       43       31       30       26       37       40       33       34       35       36       39       33       37       21       30       65       38       34       27       29       37       33       31       35       29       22       22       38       29       33       44       34       42       29 
      35       36       35       36       29       34       29       42       36       33       30       30       37       28       38       37       41       58       41       27       31       33       47       37       24       28       33       24       27       25       33       30       38       32       36       37 
      42       47       36       29       44       31       32       35       34       35       30       35       32       33       56       30       33       47       42       29       27       24       34       34       29       35       35       27       21       22       31       40       50       32       47       40 
      29       32       40       33       37       41       40       35       31       34       31       43       32       34       47       23       33       64       38       39       32       34       47       29       31       30       22       31       29       38       29       37       36       38       44       34 
      41       40       31       30       28       31       37       36       34       42       29       33       40       32       49       37       47       71       53       39       24       30       39       26       29       30       25       33       36       34       39       36       27       38       54       40 
      33       37       29       39       29       47       42       35       26       38       31       29       29       37       54       36       59       86       54       38       39       29       39       29       28       33       34       30       35       33       27       39       33       37       37       38 
      41       33       35       29       33       35       34       34       29       38       34       28       30       29       39       35      109       74       77       41       28       30       38       38       25       25       39       25       25       34       39       31       37       45       40       39 
      31       32       36       25       29       35       44       36       49       36       25       31       34       32       39       40       66      105       55       38       35       38       40       27       33       30       25       23       27       40       33       28       38       29       37       37 
      31       42       28       23       30       40       35       40       40       36       31       33       38       30       46       36       34       53       43       36       19       29       45       28       26       37       42       38       23       39       26       31       40       42       39       42 
      34       37       34       37       31       46       39       40       36       29       33       36       34       33       42       28       38       49       40       27       29       34       36       28       33       30       29       34       29       33       27       31       31       29       41       46 
      30       28       30       25       37       37       25       44       31       35       35       31       35       42       45       29       33       49       45       30       25       34       42       35       22       34       36       28       33       25       37       28       38       35       44       38 
      34       36       41       28       41       38       45       39       37       44       28       31       31       26       42       36       34       55       45       35       27       29       41       25       33       32       28       29       24       27       31       30       27       31       33       40 
      31       30       33       31       46       44       39       39       29       32       28       40       23       38       36       29       39       59       43       33       32       39       40       29       37       27       33       35       28       28       23       40       38       30       35       43 
      46       29       28       27       29       38       28       37       30       37       29       33       28       31       46       27       31       54       37       30       31       27       38       26       26       34       23       24       31       34       32       26       37       36       39       46 
       0        0        0        0        0        0        0        0        0        0        0        0        0        0        0        0        0        0        0        0        0        0        0        0        0        0        0        0        0        0        0        0        0        0        0        0 
       0        0        0        0        0        0        0        0        0        0        0        0        0        0        0        0 
      42       34       40       60       37       31       43       46       43       44       37       49       36       53       67       37       59       58       61       55       47       39       47       54       46       34       47       44       44       56       40       52       39       44       49       45 
       0        0        0        0        0        0        0        0        0        0        0        0        0        0        0        0 


SNR_P2P Of Each Node:
    0.00   -24.71   -13.49     0.00     0.00   -18.67     0.00   -20.05     0.00   -34.38   -20.92   -17.17     0.00   -21.87     0.00   -17.38     0.00     0.00   -17.18   -30.46   -21.85     0.00     0.00     0.00     0.00     0.00   -22.12   -24.38     0.00     0.00     0.00   -23.49   -14.99     0.00     0.00     0.00 
  -26.66     0.00   -18.39     0.00     0.00     0.00    -9.12     0.00     0.00   -23.41     0.00    -9.76     0.00   -13.60     0.00   -17.93   -20.58   -25.05   -36.97     0.00   -14.79   -18.01     0.00   -23.51     0.00     0.00     0.00   -19.94   -35.06   -19.85   -39.33     0.00     0.00     0.00   -18.32   -22.10 
    0.00     0.00   -19.01   -21.07   -40.60     0.00   -27.39   -29.12     0.00   -34.51   -17.66   -16.67     0.00   -43.52   -31.28     0.00     0.00     0.00     0.00   -21.75   -25.22     0.00     0.00   -21.74     0.00     0.00   -28.74     0.00     0.00     0.00     0.00     0.00   -18.13     0.00   -34.62     0.00 
    0.00   -17.39   -19.22     0.00     0.00     0.00   -25.96     0.00     0.00   -24.48     0.00   -18.15     0.00   -24.39   -27.25   -25.74   -19.81   -25.61     0.00   -22.96   -11.17   -14.18   -22.17   -14.80     0.00     0.00   -23.37     0.00   -34.65     0.00     0.00     0.00   -34.95   -30.28     0.00     0.00 
  -16.14     0.00   -18.74     0.00     0.00   -16.71     0.00   -12.21   -19.41   -23.53     0.00   -12.72     0.00     0.00   -11.41   -17.44   -16.78     0.00   -23.13     0.00   -15.08   -23.31   -17.36     0.00     0.00     0.00     0.00     0.00   -21.15     0.00     0.00     0.00     0.00   -24.71   -20.71   -48.52 
  -19.17     0.00     0.00   -28.09   -24.32   -22.18     0.00   -48.60     0.00     0.00   -17.92   -45.82   -27.76     0.00   -18.79   -19.04   -16.27   -18.92   -13.73   -16.03   -17.62   -12.30   -20.42   -28.03     0.00     0.00     0.00   -18.77     0.00     0.00     0.00     0.00   -26.99     0.00     0.00     0.00 
    0.00   -14.94     0.00     0.00     0.00     0.00   -18.42     0.00     0.00   -29.42     0.00     0.00   -20.99   -24.30     0.00   -17.79    -9.15   -10.40   -11.89   -27.58   -24.14   -24.98     0.00     0.00   -29.69   -24.20   -28.40     0.00     0.00     0.00     0.00     0.00     0.00     0.00     0.00     0.00 
    0.00   -20.12     0.00     0.00     0.00     0.00   -35.81   -47.96     0.00   -35.34   -15.71     0.00   -26.14   -16.46   -17.59    -6.38     7.31    12.53     3.66    -5.85   -12.43   -16.05   -27.85     0.00     0.00   -21.55   -55.07     0.00     0.00   -43.14     0.00     0.00     0.00     0.00     0.00     0.00 
    0.00     0.00   -33.50     0.00     0.00     0.00     0.00     0.00   -24.34     0.00   -23.78   -19.73   -17.50   -20.00   -34.32     0.01    13.31    22.94    11.67    -2.03    -4.95   -10.00   -18.27     0.00   -17.64     0.00     0.00     0.00     0.00   -21.69     0.00     0.00     0.00     0.00     0.00     0.00 
  -15.00     0.00     0.00     0.00     0.00     0.00     0.00   -24.72     0.00     0.00     0.00   -21.59     0.00   -32.84    -8.76    -5.63     6.90    12.57     2.87    -6.90    -6.99   -12.21     0.00   -24.23   -16.22   -24.44   -21.89   -15.28     0.00     0.00     0.00     0.00     0.00   -47.66   -34.34     0.00 
  -23.22     0.00   -18.79     0.00   -16.08     0.00     0.00   -21.57     0.00     0.00     0.00     0.00     0.00   -13.69   -20.23    -8.12    -6.89    -8.67    -8.80    -7.27     0.00   -20.75   -22.85   -28.12   -14.27     0.00     0.00     0.00     0.00     0.00     0.00     0.00   -28.75     0.00     0.00     0.00 
    0.00     0.00     0.00     0.00   -11.68     0.00   -15.64     0.00   -15.32   -12.28   -15.74     0.00   -18.88     0.00   -14.65    -7.41   -12.14   -22.09     0.00     0.00   -41.64   -25.67   -19.67   -19.94     0.00   -10.41     0.00     0.00     0.00     0.00   -19.72   -42.98   -21.26     0.00     0.00     0.00 
    0.00   -23.98   -26.94   -20.61   -20.61   -12.63   -27.54     0.00   -22.71   -30.29     0.00     0.00     0.00   -31.33   -23.55   -19.04   -18.75   -26.27   -11.92   -35.06   -20.76   -10.98     0.00   -17.76     0.00     0.00     0.00   -23.10     0.00     0.00     0.00     0.00     0.00     0.00   -24.57     0.00 
    0.00   -13.58     0.00   -23.10     0.00   -12.91   -18.29     0.00     0.00   -22.60     0.00   -16.11   -24.03   -38.76   -19.42   -20.47   -17.82   -15.35   -15.13   -20.81     0.00   -26.77     0.00     0.00     0.00     0.00     0.00     0.00     0.00     0.00     0.00   -25.30     0.00     0.00   -35.72   -23.48 
    0.00     0.00   -25.46   -16.42   -49.17     0.00   -17.00     0.00     0.00   -21.25   -20.74   -21.16     0.00     0.00     0.00   -30.26   -27.26   -22.16     0.00     0.00     0.00   -26.86   -12.45   -11.75   -14.10   -32.11     0.00     0.00   -13.70   -28.69     0.00     0.00     0.00     0.00   -16.14     0.00 
  -52.43   -12.40     0.00   -13.71   -17.88     0.00   -20.28   -18.94     0.00   -10.07   -16.40     0.00   -23.98   -11.44   -31.60     0.00     0.00   -16.51   -45.34   -19.39     0.00   -19.65     0.00   -32.59   -15.27     0.00     0.00   -14.89     0.00     0.00     0.00   -15.24     0.00     0.00   -26.81     0.00 
    0.00     0.00     0.00     0.00     0.00     0.00     0.00     0.00     0.00     0.00     0.00     0.00     0.00     0.00     0.00     0.00     0.00     0.00     0.00     0.00     0.00     0.00     0.00     0.00     0.00     0.00     0.00     0.00     0.00     0.00     0.00     0.00     0.00     0.00     0.00     0.00 
    0.00     0.00     0.00     0.00     0.00     0.00     0.00     0.00     0.00     0.00     0.00     0.00     0.00     0.00     0.00     0.00 
    0.00     0.00     0.00     0.00     0.00     0.00     0.00     0.00     0.00     0.00     0.00     0.00   -14.76   -11.66   -13.34    -3.11     7.21    15.21     3.40    -4.89    -5.02    -5.23    -8.25   -14.40   -10.92     0.00   -11.92     0.00   -19.96   -22.02   -66.02   -52.04   -19.07   -14.00   -16.05     0.00 
    0.00     0.00     0.00     0.00     0.00     0.00     0.00     0.00     0.00     0.00     0.00     0.00     0.00     0.00     0.00     0.00 


