**************************************************P2P_Noise SNR Of Each Node*******************************************
TxNum:16
RxNum:36


Signal Of Each Node:
   -1.72    -2.32    -3.38     0.91     4.56    -1.03     0.71    -4.28     0.89     3.82    -4.90     1.17    -5.99     2.11    -1.81     0.47    -7.94     1.87     1.19    -3.36     1.46    -5.70     2.37    -3.45     0.36     2.02    -2.60     0.81    -3.60    -0.56    -6.12    -0.71    -3.10    -2.25     1.73    -6.85 
    2.89     1.47    -5.07     4.14    -1.13    -0.12    -3.39    -5.90    -0.50     2.37     1.25    -1.24    -3.26     5.60     0.04     1.40     2.38    -1.13    -4.53    -1.98     1.35    -0.79    -5.63     4.90    -4.18     1.75    -0.11    -1.56     4.15    -3.50    -6.18    -6.34    -2.53    -1.74     2.04    -2.85 
    0.01     7.06    -0.14     2.05     5.15     2.62     0.10    -2.62     1.05    -0.46     0.68     6.20     2.05    -2.80    -0.55     2.56    -2.70     3.40    -1.14    -1.69    -0.08     0.18     2.08     1.47    -3.66    -1.71    -0.18    -4.89    -3.45    -1.36     0.32    -3.20     0.52     2.83     0.59     2.22 
    2.70     4.03     0.51    -3.36     6.78     6.87     4.74     0.99    -4.77     0.36     1.12     2.98     4.59     2.77    -2.78     6.07     2.24    -7.64    -6.00     0.87     2.08    -6.17    -3.68     1.44     2.85     2.30     2.46    -3.33     3.70    -5.25    -5.73    -4.99    -3.26    -2.04    -2.25    -5.14 
   -6.83     5.41     1.08     1.32    -1.04     2.21     1.02    -1.11     2.49     0.08    -0.63     5.40    -2.82    -3.48    -0.13     1.70    -2.24    -4.77    -0.06    -0.31    -3.96     1.36     1.25    -4.11    -1.69     0.24    -2.91   -13.84    -0.62    -3.82    -6.03     0.92     1.89    -1.07    -1.03     3.15 
    9.26     2.64    -1.52     1.37     1.81     1.82    -4.72     1.30     9.92    -6.62    -0.64    -3.18     1.06    10.84    -1.47    -8.79     1.83     2.75    -2.02    -1.38     2.02    -1.12    -3.30     1.31    -5.16    -3.45     1.74    -4.70    -3.90    -4.89    -3.69    -4.40    -5.21    -0.71    -2.00    -6.25 
   -0.74     2.48    -0.20     7.29    -0.31    -0.21     0.81    -0.66     0.92     1.14    -2.41    -6.99    -1.91    -8.13     1.34     0.09     4.54    -1.16    -0.26     4.78     2.18     0.54     3.50    -0.10    -3.06    -7.56     1.95     1.31    -2.60    -2.82    -0.53     3.66     3.88    -0.44    -4.30    -1.41 
   -5.68     0.81    -3.32    -0.76     3.27     4.77    -1.42    -7.56     3.35    -3.20     1.77     4.68     2.83    -9.57    -0.44    -5.58    -4.41     3.59    -0.68     4.45     3.83    -2.99    -2.84    -4.71    -1.43    -3.40     1.60    -6.66     1.62     0.98     1.76     0.75     2.93     1.92    -3.80     0.02 
    1.19     4.64     3.30     2.90    -9.52     1.60     1.87     0.21    -2.68     2.62     1.36     1.43    -2.26    -2.84     5.98    -6.48     1.08    -1.99    -8.73     6.74     4.46    -0.28    -3.22     1.41    -2.63    -5.09     1.02    -3.81    -6.19    -6.98    -7.11    -4.10    -3.43    -3.90    -3.01     3.56 
    2.74     3.75     3.12     0.73    -1.45    -2.75    -3.61    -0.12     5.54    -0.94     4.39    -3.45     6.50    -0.89    -1.47     0.82     4.55    -3.18     5.32     1.78     4.26    -1.01     5.71    -6.50     1.81    -0.49     0.85     2.02    -2.32    -1.13    -1.62    -4.69    -7.18    -4.15    -3.60    -5.35 
  -10.18     0.58    -5.29    -2.22     0.47     5.57    -7.51     4.57     2.33    -3.34     3.96    -4.78     0.25     3.53    -2.94    -3.51     5.04    -3.45     1.09     5.94     3.69     1.84    -3.08    -7.00     1.10     2.01     2.17    -9.44    -4.00    -2.34    -3.37     0.31    -2.35    -1.69    -1.70    -0.37 
   -2.02    -0.12     4.89    -1.03    -1.47    -2.74     0.21    -4.26     2.46     1.28     4.81     0.18    -4.50     1.78    -3.57    -0.89     0.27     1.40     6.90     3.94     0.63    12.23    -3.78    -0.78    -1.87   -10.73    -4.27    -3.18     1.17    -3.62     2.38     1.45    -2.54    -0.35     1.02    -3.97 
   -1.14    -0.29     4.65     0.37    -0.41     0.44    -6.36    -2.95     0.58    -1.33    -2.60    -4.22    -0.29     2.08     0.48     6.01     2.84     3.69    -5.69     9.20    14.54     9.66     8.04     3.98    -2.98     4.30    -1.97    -1.60    -2.23    -7.48    -1.57    -0.90    -2.36     4.85    -2.07    -4.29 
    2.61    -2.57    -6.78    -7.29    -5.58    -1.46    -2.91    -2.27    -5.36    -7.69     0.94    -8.16     0.79    -1.22    -5.20     3.34   141.21   488.87    92.87    13.57    21.32    16.99    12.73     8.51     2.66    -0.55    -2.35    -6.12     0.80    -6.30    -2.81    -2.69    -2.13    -4.31    -6.97    -2.15 
   -6.33    -2.89    -5.79     3.06     3.13    -6.02     4.38    -0.19    -4.62    -2.79    -0.33    -2.17    -9.20    -3.59     5.42    10.17   410.57   951.88   317.60    28.23    30.40    10.90    14.20     5.49    -2.47    -2.92    -1.24    -2.10     1.58    -5.64    -5.12    -8.45    -2.90    -4.55    -1.47    -3.08 
   -6.09    -2.00    -2.06    -4.11    -8.34     5.02    -5.26    -5.78    -1.36    -1.29    -0.49    -6.48    -0.48    -4.84     7.52    12.72    88.22   223.87    49.33     4.91     8.25     4.93     6.93     5.65    -3.13    -0.22    -4.25     1.69    -5.70    -8.86    -2.79    -3.39    -3.12    -2.49    -3.02    -7.14 
    0.00     0.00     0.00     0.00     0.00     0.00     0.00     0.00     0.00     0.00     0.00     0.00     0.00     0.00     0.00     0.00     0.00     0.00     0.00     0.00     0.00     0.00     0.00     0.00     0.00     0.00     0.00     0.00     0.00     0.00     0.00     0.00     0.00     0.00     0.00     0.00 
    0.00     0.00     0.00     0.00     0.00     0.00     0.00     0.00     0.00     0.00     0.00     0.00     0.00     0.00     0.00     0.00 
   -1.64   -12.16   -15.87    -8.35   -14.29    -8.93   -10.57    -3.95   -10.19   -13.48     1.60    -2.23    -0.01     4.40     5.97    26.22   101.82   289.41    88.11    39.10    42.29    21.55    21.86    32.99    15.45    13.13    35.57    16.12    21.43     8.89     7.81    15.27    -2.07    -1.45    -4.77     6.76 
    0.00     0.00     0.00     0.00     0.00     0.00     0.00     0.00     0.00     0.00     0.00     0.00     0.00     0.00     0.00     0.00 


P2P Noise Of Each Node:
      38       28       25       21       44       39       42       39       27       31       28       27       31       32       45       23       31       35       32       38       29       34       41       31       24       31       27       23       21       26       32       23       29       29       38       38 
      39       35       25       33       35       29       32       38       27       28       29       26       33       38       40       28       24       46       35       31       29       24       43       38       24       35       24       23       35       34       44       44       37       32       48       31 
      32       44       26       22       36       32       33       41       28       34       27       39       33       30       40       25       29       53       42       31       28       32       34       28       27       30       32       29       30       28       34       35       28       28       39       38 
      28       34       31       34       33       38       39       38       36       27       27       25       32       42       41       32       36       50       35       31       28       31       31       29       29       31       25       32       27       35       41       26       25       35       42       42 
      44       44       33       32       36       47       33       51       28       34       33       40       31       29       40       31       36       47       34       34       31       28       35       27       23       27       27       38       29       30       33       28       40       29       46       46 
      42       36       35       34       29       33       40       37       38       31       34       33       32       47       33       31       27       43       37       31       28       29       37       27       33       32       34       27       33       30       31       26       28       38       40       40 
      35       32       33       33       31       29       37       34       30       36       36       36       34       36       54       24       31       46       36       33       28       27       47       28       28       35       33       21       24       27       25       30       40       27       42       27 
      33       29       30       32       42       41       35       42       32       47       24       41       31       35       42       30       29       49       51       38       32       30       28       27       34       31       32       30       25       35       37       28       31       31       36       44 
      42       38       37       37       37       32       34       55       30       30       27       33       30       29       44       30       31       45       36       36       32       25       42       29       31       28       24       22       32       34       32       27       30       27       44       49 
      35       37       30       37       30       48       36       41       29       34       33       33       31       36       36       27       33       40       37       29       30       28       44       30       29       32       27       26       24       35       32       28       46       35       35       39 
      42       32       32       26       37       41       32       37       28       32       39       26       28       40       36       29       38       45       28       41       30       37       34       28       29       35       27       31       25       35       27       29       29       32       42       28 
      41       38       40       29       39       41       42       40       33       41       37       35       33       33       40       26       28       43       44       36       26       53       40       25       36       37       33       31       24       31       28       27       31       25       34       37 
      24       35       26       29       30       34       45       42       28       28       34       33       37       32       42       34       31       53       47       37       47       39       50       30       24       33       34       22       28       41       35       25       29       35       32       29 
      36       27       40       37       34       38       42       38       37       39       34       41       32       34       41       34      187      271      103       54       55       44       47       35       33       32       26       36       25       41       28       26       34       34       42       37 
      37       34       40       29       37       44       44       44       35       30       30       34       37       34       52       31      221      217      288       86       82       40       47       27       31       31       33       22       24       45       38       41       30       33       36       37 
      38       37       33       35       42       37       39       36       34       33       34       36       38       42       46       43       80      196      101       32       35       33       37       30       28       34       32       26       40       35       28       28       32       29       36       40 
       0        0        0        0        0        0        0        0        0        0        0        0        0        0        0        0        0        0        0        0        0        0        0        0        0        0        0        0        0        0        0        0        0        0        0        0 
       0        0        0        0        0        0        0        0        0        0        0        0        0        0        0        0 
      41       42       28       44       42       35       31       41       43       38       49       45       36       45       48       36       82       54       75       52       57       40       45       63       39       40       49       42       52       57       47       38       35       40       36       44 
       0        0        0        0        0        0        0        0        0        0        0        0        0        0        0        0 


SNR_P2P Of Each Node:
    0.00     0.00     0.00   -27.26   -19.69     0.00   -35.44     0.00   -29.64   -18.19     0.00   -27.26     0.00   -23.62     0.00   -33.79     0.00   -25.44   -28.59     0.00   -25.96     0.00   -24.76     0.00   -36.48   -23.72     0.00   -29.06     0.00     0.00     0.00     0.00     0.00     0.00   -26.83     0.00 
  -22.60   -27.54     0.00   -18.03     0.00     0.00     0.00     0.00     0.00   -21.45   -27.31     0.00     0.00   -16.63   -60.00   -26.02   -20.07     0.00     0.00     0.00   -26.64     0.00     0.00   -17.79     0.00   -26.02     0.00     0.00   -18.52     0.00     0.00     0.00     0.00     0.00   -27.43     0.00 
  -70.10   -15.89     0.00   -20.61   -16.89   -21.74   -50.37     0.00   -28.52     0.00   -31.98   -15.97   -24.14     0.00     0.00   -19.79     0.00   -23.86     0.00     0.00     0.00   -45.00   -24.27   -25.60     0.00     0.00     0.00     0.00     0.00     0.00   -40.53     0.00   -34.62   -19.91   -36.40   -24.67 
  -20.32   -18.52   -35.68     0.00   -13.75   -14.86   -18.31   -31.68     0.00   -37.50   -27.64   -18.47   -16.87   -23.62     0.00   -14.44   -24.12     0.00     0.00   -31.04   -22.58     0.00     0.00   -26.08   -20.15   -22.59   -20.14     0.00   -17.26     0.00     0.00     0.00     0.00     0.00     0.00     0.00 
    0.00   -18.21   -29.70   -27.69     0.00   -26.55   -30.20     0.00   -21.02   -52.57     0.00   -17.39     0.00     0.00     0.00   -25.22     0.00     0.00     0.00     0.00     0.00   -26.27   -28.94     0.00     0.00   -41.02     0.00     0.00     0.00     0.00     0.00   -29.67   -26.51     0.00     0.00   -23.29 
  -13.13   -22.69     0.00   -27.90   -24.09   -25.17     0.00   -29.09   -11.67     0.00     0.00     0.00   -29.60   -12.74     0.00     0.00   -23.38   -23.88     0.00     0.00   -22.84     0.00     0.00   -26.28     0.00     0.00   -25.82     0.00     0.00     0.00     0.00     0.00     0.00     0.00     0.00     0.00 
    0.00   -22.21     0.00   -13.12     0.00     0.00   -33.19     0.00   -30.27   -29.99     0.00     0.00     0.00     0.00   -32.11   -48.52   -16.69     0.00     0.00   -16.78   -22.17   -33.98   -22.56     0.00     0.00     0.00   -24.57   -24.10     0.00     0.00     0.00   -18.27   -20.26     0.00     0.00     0.00 
    0.00   -31.08     0.00     0.00   -22.17   -18.69     0.00     0.00   -19.60     0.00   -22.64   -18.85   -20.79     0.00     0.00     0.00     0.00   -22.70     0.00   -18.63   -18.44     0.00     0.00     0.00     0.00     0.00   -26.02     0.00   -23.77   -31.06   -26.45   -31.44   -20.49   -24.16     0.00   -66.85 
  -30.95   -18.27   -20.99   -22.12     0.00   -26.02   -25.19   -48.36     0.00   -21.18   -25.96   -27.26     0.00     0.00   -17.34     0.00   -29.16     0.00     0.00   -14.55   -17.12     0.00     0.00   -26.26     0.00     0.00   -27.43     0.00     0.00     0.00     0.00     0.00     0.00     0.00     0.00   -22.77 
  -22.13   -19.88   -19.66   -34.10     0.00     0.00     0.00     0.00   -14.38     0.00   -17.52     0.00   -13.57     0.00     0.00   -30.35   -17.21     0.00   -16.85   -24.24   -16.95     0.00   -17.74     0.00   -24.09     0.00   -30.04   -22.19     0.00     0.00     0.00     0.00     0.00     0.00     0.00     0.00 
    0.00   -34.83     0.00     0.00   -37.92   -17.34     0.00   -18.17   -21.60     0.00   -19.87     0.00   -40.98   -21.09     0.00     0.00   -17.55     0.00   -28.19   -16.78   -18.20   -26.07     0.00     0.00   -28.42   -24.82   -21.90     0.00     0.00     0.00     0.00   -39.42     0.00     0.00     0.00     0.00 
    0.00     0.00   -18.26     0.00     0.00     0.00   -46.02     0.00   -22.55   -30.11   -17.72   -45.78     0.00   -25.36     0.00     0.00   -40.32   -29.75   -16.09   -19.22   -32.31   -12.74     0.00     0.00     0.00     0.00     0.00     0.00   -26.24     0.00   -21.41   -25.40     0.00     0.00   -30.46     0.00 
    0.00     0.00   -14.95   -37.88     0.00   -37.76     0.00     0.00   -33.67     0.00     0.00     0.00     0.00   -23.74   -38.84   -15.05   -20.76   -23.14     0.00   -12.09   -10.19   -12.12   -15.87   -17.54     0.00   -17.70     0.00     0.00     0.00     0.00     0.00     0.00     0.00   -17.17     0.00     0.00 
  -22.79     0.00     0.00     0.00     0.00     0.00     0.00     0.00     0.00     0.00   -31.17     0.00   -32.15     0.00     0.00   -20.15    -2.44     5.12    -0.90   -12.00    -8.23    -8.27   -11.35   -12.28   -21.87     0.00     0.00     0.00   -29.90     0.00     0.00     0.00     0.00     0.00     0.00     0.00 
    0.00     0.00     0.00   -19.53   -21.45     0.00   -20.04     0.00     0.00     0.00     0.00     0.00     0.00     0.00   -19.64    -9.68     5.38    12.84     0.85    -9.68    -8.62   -11.29   -10.40   -13.84     0.00     0.00     0.00     0.00   -23.63     0.00     0.00     0.00     0.00     0.00     0.00     0.00 
    0.00     0.00     0.00     0.00     0.00   -17.35     0.00     0.00     0.00     0.00     0.00     0.00     0.00     0.00   -15.73   -10.58     0.85     1.15    -6.22   -16.28   -12.55   -16.51   -14.55   -14.50     0.00     0.00     0.00   -23.74     0.00     0.00     0.00     0.00     0.00     0.00     0.00     0.00 
    0.00     0.00     0.00     0.00     0.00     0.00     0.00     0.00     0.00     0.00     0.00     0.00     0.00     0.00     0.00     0.00     0.00     0.00     0.00     0.00     0.00     0.00     0.00     0.00     0.00     0.00     0.00     0.00     0.00     0.00     0.00     0.00     0.00     0.00     0.00     0.00 
    0.00     0.00     0.00     0.00     0.00     0.00     0.00     0.00     0.00     0.00     0.00     0.00     0.00     0.00     0.00     0.00 
    0.00     0.00     0.00     0.00     0.00     0.00     0.00     0.00     0.00     0.00   -29.72     0.00     0.00   -20.20   -18.11    -2.75     1.88    14.58     1.40    -2.48    -2.59    -5.37    -6.27    -5.62    -8.04    -9.68    -2.78    -8.32    -7.70   -16.14   -15.59    -7.92     0.00     0.00     0.00   -16.27 
    0.00     0.00     0.00     0.00     0.00     0.00     0.00     0.00     0.00     0.00     0.00     0.00     0.00     0.00     0.00     0.00 


