**************************************************SNR RMS Data*******************************************
TxNum:16
RxNum:36


SNRRMSAvgMcap:951.88
SNRRMSSqrtMcap:55.18
SNRRMSMcap:24.74
Noise Max Data(Mcap):
     995      997     1007     1009     1015     1003      948      999      968      989     1016      981      917      930      944      929      943      929      905      911      914      923      921      908      912      847      904      901      890      906      912      895      866      881      878      869      858      846      832      855      855      860      834      822      878      880      866      891      958      971      987     1014     1016     1035     1009     1003     1035     1009      993      975      988      998     1005     1002     1011     1007     1010      978     1001      998      974      970      976      966     1008      981      983      977      961      965      958      952      953      964      949      964      923      992      976      948      919      938      966      989     1018     1001     1038     1039     1025      973 

Noise Max Data(Scap WaterOnRx):
SNRRMSAvgScapWaterOnRx:0.00
SNRRMSSqrtScapWaterOnRx:0.00
SNRRMSScapWaterOnRx:0.00
       0        0        0        0        0        0        0        0        0        0        0        0        0        0        0        0        0        0        0        0        0        0        0        0        0        0        0        0        0        0        0        0        0        0        0        0        0        0        0        0        0        0        0        0        0        0        0        0        0        0        0        0        0        0        0        0        0        0        0        0        0        0        0        0        0        0        0        0        0        0        0        0        0        0        0        0        0        0        0        0        0        0        0        0        0        0        0        0        0        0        0        0        0        0        0        0        0        0        0        0 

Noise Max Data(Scap WaterOnTx):
SNRRMSAvgScapWaterOnTx:0.00
SNRRMSSqrtScapWaterOnTx:0.00
SNRRMSScapWaterOnTx:0.00
       0        0        0        0        0        0        0        0        0        0        0        0        0        0        0        0        0        0        0        0        0        0        0        0        0        0        0        0        0        0        0        0        0        0        0        0        0        0        0        0        0        0        0        0        0        0        0        0        0        0        0        0        0        0        0        0        0        0        0        0        0        0        0        0        0        0        0        0        0        0        0        0        0        0        0        0        0        0        0        0        0        0        0        0        0        0        0        0        0        0        0        0        0        0        0        0        0        0        0        0 

Noise Max Data(Scap OtherModeRx):
SNRRMSAvgScapOtherModeRx:289.41
SNRRMSSqrtScapOtherModeRx:13.64
SNRRMSScapOtherModeRx:26.53
     285      295      283      261      282      281      271      289      277      290      291      297      297      285      281      277      288      299      285      282      294      269      272      271      285      267      274      284      284      298      287      263      278      281      260      299      265      269      270      292      286      275      275      271      270      260      270      282      294      290      311      296      307      310      300      292      293      297      277      292      299      290      299      305      290      284      293      281      289      289      297      314      293      299      305      303      306      307      300      296      304      312      295      314      313      273      302      311      304      303      302      281      308      301      308      304      297      297      275      292 

Noise Max Data(Scap OtherModeTx):
SNRRMSAvgScapOtherModeTx:0.00
SNRRMSSqrtScapOtherModeTx:0.00
SNRRMSScapOtherModeTx:0.00
       0        0        0        0        0        0        0        0        0        0        0        0        0        0        0        0        0        0        0        0        0        0        0        0        0        0        0        0        0        0        0        0        0        0        0        0        0        0        0        0        0        0        0        0        0        0        0        0        0        0        0        0        0        0        0        0        0        0        0        0        0        0        0        0        0        0        0        0        0        0        0        0        0        0        0        0        0        0        0        0        0        0        0        0        0        0        0        0        0        0        0        0        0        0        0        0        0        0        0        0 


