**************************************************SNR RMS Data*******************************************
TxNum:16
RxNum:36


SNRRMSAvgMcap:1042.73
SNRRMSSqrtMcap:20.76
SNRRMSMcap:34.02
Noise Max Data(Mcap):
    1041     1084     1059     1048     1059     1072     1061     1078     1040     1073     1076     1063     1072     1060     1033     1030     1043     1056     1056     1075     1021     1050     1064     1030     1079      998     1061     1086     1074     1048     1046     1073     1049     1053     1021     1073     1030     1057     1056     1048     1091     1030     1025     1030     1056     1065     1019     1008     1049     1020     1073     1021     1017     1031     1073     1043     1033     1053     1015     1066     1055     1017     1030     1022     1028     1032     1034     1036     1049     1052     1051     1033     1046     1044     1044     1036     1051     1031     1036     1025     1030     1034     1018     1032     1011     1017     1002     1015     1024     1051     1042     1006     1043     1027     1030     1032     1013     1029     1019     1032 

Noise Max Data(Scap WaterOnRx):
SNRRMSAvgScapWaterOnRx:0.00
SNRRMSSqrtScapWaterOnRx:0.00
SNRRMSScapWaterOnRx:0.00
       0        0        0        0        0        0        0        0        0        0        0        0        0        0        0        0        0        0        0        0        0        0        0        0        0        0        0        0        0        0        0        0        0        0        0        0        0        0        0        0        0        0        0        0        0        0        0        0        0        0        0        0        0        0        0        0        0        0        0        0        0        0        0        0        0        0        0        0        0        0        0        0        0        0        0        0        0        0        0        0        0        0        0        0        0        0        0        0        0        0        0        0        0        0        0        0        0        0        0        0 

Noise Max Data(Scap WaterOnTx):
SNRRMSAvgScapWaterOnTx:0.00
SNRRMSSqrtScapWaterOnTx:0.00
SNRRMSScapWaterOnTx:0.00
       0        0        0        0        0        0        0        0        0        0        0        0        0        0        0        0        0        0        0        0        0        0        0        0        0        0        0        0        0        0        0        0        0        0        0        0        0        0        0        0        0        0        0        0        0        0        0        0        0        0        0        0        0        0        0        0        0        0        0        0        0        0        0        0        0        0        0        0        0        0        0        0        0        0        0        0        0        0        0        0        0        0        0        0        0        0        0        0        0        0        0        0        0        0        0        0        0        0        0        0 

Noise Max Data(Scap OtherModeRx):
SNRRMSAvgScapOtherModeRx:331.17
SNRRMSSqrtScapOtherModeRx:9.99
SNRRMSScapOtherModeRx:30.41
     320      319      337      340      343      338      342      338      331      330      330      344      341      333      332      318      342      327      356      336      333      315      331      343      348      336      335      315      336      334      330      318      319      329      341      311      332      335      336      336      330      330      340      347      331      339      338      330      354      335      344      334      342      336      335      332      326      322      332      329      314      340      330      332      326      332      323      317      315      330      340      334      330      329      324      318      315      326      312      319      316      311      330      325      347      328      320      335      334      330      334      318      347      349      323      322      351      333      326      316 

Noise Max Data(Scap OtherModeTx):
SNRRMSAvgScapOtherModeTx:0.00
SNRRMSSqrtScapOtherModeTx:0.00
SNRRMSScapOtherModeTx:0.00
       0        0        0        0        0        0        0        0        0        0        0        0        0        0        0        0        0        0        0        0        0        0        0        0        0        0        0        0        0        0        0        0        0        0        0        0        0        0        0        0        0        0        0        0        0        0        0        0        0        0        0        0        0        0        0        0        0        0        0        0        0        0        0        0        0        0        0        0        0        0        0        0        0        0        0        0        0        0        0        0        0        0        0        0        0        0        0        0        0        0        0        0        0        0        0        0        0        0        0        0 


