**************************************************RMS Noise SNR Each Node*******************************************
TxNum:16
RxNum:36


Signal Of Each Node:
    8.09     5.64     4.57    -0.29    -2.74     1.81     5.33    -3.96    -3.22    -6.65     3.18     1.36    -1.70    -4.52     7.31    -2.88     0.90     0.82     2.24    -3.25    -6.74     4.99     1.58    -0.45    -2.87    -1.68    -2.00    -2.99    -1.04     0.14     3.79    -1.95    -0.50    59.19   382.95   148.92 
    0.79     3.69     3.07     3.22    -3.88    -1.86     0.48    -1.09    -0.51    -2.83    -4.04     2.77     4.78     3.94    -2.97     1.07     0.75     1.55    -0.75    -3.42     3.77    -1.55    -4.99    -2.54     3.31    -3.84    -4.00    -2.67    -1.57    -2.38    -0.68    -0.28    -0.53   271.06  1042.73   493.78 
    6.26     0.04     0.54    -0.40    -2.36     2.66     0.19     6.83    -0.81    -1.69    -1.66    -6.62    -1.41     0.48     3.23     4.53    -1.96    -6.68    -2.60    -3.75     1.32    -0.97    -1.32    -1.23    -2.48     1.13    -6.88     0.68    -3.50    -1.77    -1.42    -2.82    -5.56    31.27   302.30    83.17 
   12.26     1.98     2.13     2.66     3.71    -4.32    -8.33     2.54     5.81     4.08    -0.79    -2.45     5.35    -0.09    -1.24     0.01    -5.75    -3.51     4.35    -3.63     0.82     3.19    -0.85    -1.61    -0.09    -4.45    -4.36    -2.09    -2.35    -1.78    -2.90    -3.90    -3.17    -2.31    15.78     0.21 
    6.53    -3.88     7.02    11.33    -1.11     1.79    -1.35     3.03     2.97     4.67     1.00     0.89     1.22    -2.53     3.55     6.22     2.18     0.13    -4.71     0.86     2.22    -2.87     6.29    -0.72     2.79    -1.06     1.27     0.95    -1.45     0.79     6.15     1.02    -1.43    -0.31    -6.43    -0.61 
    5.34    -0.51    -2.62     5.07    -0.45    -1.54     3.76    -2.15    -1.45    -4.31     0.70    -3.39     1.91     0.98    -3.78     3.51    -4.33     1.22    -0.89     0.36    -4.69    -6.51    -6.08    -6.65     1.51    -4.93     6.00    -2.99     0.83     1.94     1.21    -3.49    -1.88    -3.71    -4.31    -5.55 
   -0.99     2.14     1.87     1.17    -6.80    -0.89     4.04    -4.42    -2.68   -10.69    -0.58    -7.09    -6.65    -0.11    -0.06    -0.06    -1.59    -0.94     1.83    -0.36    -3.45     6.96     3.71     1.10     1.40     1.82     1.06    -2.91    -2.45    -1.89    -1.75     0.61    -1.72    -3.13    -0.72    -7.33 
   -3.88     3.88     6.05     2.45     0.01     4.71    -5.89     0.56     2.17     1.26    -2.90    -2.89     0.12    -2.73     1.65     3.91    -3.71    -0.75     6.33     0.95     1.02     1.91    -0.43    -1.37     4.31    -0.91     2.74     3.53     4.12    -2.25     2.93    -5.75    -0.29    -6.36     0.10   -13.54 
   13.12     5.43     0.56     5.92    -1.73     0.92     4.08    -0.88     4.24     4.13    -5.24    -3.33     3.58     1.17     0.22    -3.14    -4.20     5.58    -0.84    -0.86    -1.67    -0.79     5.70    -2.09    -4.89    -1.08    -4.99     0.33    -0.73     8.79    -2.71     1.91     0.46    -5.24     3.38    -2.79 
    3.94     4.65    -1.23     0.08     1.20    -4.71    -1.12     3.15     7.35    -0.39     4.56     2.04     3.45    -2.74    -1.12     6.90    -5.05     0.92     1.21    -1.15    -7.04     3.01    -3.04    -1.50    -1.92     1.94    -1.91     0.11    -5.34     0.43     0.75    -1.39    -3.44    -0.80     2.21    -1.41 
    4.14    -1.26     5.45     1.57     4.62    -6.59    -2.27     2.16    -3.41    -2.66     5.23    -1.55     3.69    -1.24    -1.34     4.76    -0.07     2.67     8.83     2.74     0.94    -3.77    -3.00     1.84     1.79    -4.70    -0.36     1.36    -2.36     2.53    -2.09     0.74    -1.04     1.80    -5.05    -7.35 
    9.28    12.44     4.04     7.04    -5.60     3.98     7.60    -5.99    -3.15    -3.28    -3.71    -4.79     4.22    -2.72     6.78    -2.96     4.06     2.30     4.29     1.37    -4.93     2.99     1.33    -7.45    -3.47    -1.16     1.32     0.31    -1.45     1.38     2.57    -0.48    -2.82    -2.20     2.90    -2.15 
   18.43     3.79    10.46     7.47     2.81     5.89    -2.09     6.25     6.88    -4.19     2.74    -4.18     3.08    -1.42     2.98     2.00    -1.96    -4.90     3.12     0.69    -3.03    -3.06     2.71     5.17     5.83     1.42    -1.23    -4.57    -3.41    -1.03    -3.54    -4.34    -1.21     2.15    -0.55    -4.36 
    3.91    -0.63    -8.53    -1.78    -1.36    -5.25    -0.86     3.62    -0.59    -0.56     5.17    -2.01     4.15     0.21     6.78    -4.73    -0.68     2.50     8.30     4.24     1.47    -1.13     4.99     7.14     0.04     5.83     1.60    -3.84     1.80    -0.34     1.82    -4.89    -0.37    -3.22     0.00   -10.33 
   -0.49     0.39    -6.34     3.31     7.34     5.09    -3.83     7.00     3.16     7.02    -1.78    -3.61    -0.12     5.60    -0.40    -1.87    -3.02     4.85     3.07    -0.10     1.60    -3.56    -1.19     3.25     2.01     2.45    -1.69     0.08    -1.87    -0.22    -2.44     1.92     2.11   -12.01    -9.95    -1.23 
    3.60    12.31     2.77     3.61    -1.67    -1.46     4.59     2.70     0.53     9.60     4.15     7.03     2.59     3.97    -2.29     1.83    -1.14     9.94    -0.65    -0.62    -2.60     1.30     4.95    -1.70     2.42    -1.82    -2.34    -2.37    -4.46     1.47    -0.89    -3.17    -0.76     1.57    -0.65    -5.00 
    0.00     0.00     0.00     0.00     0.00     0.00     0.00     0.00     0.00     0.00     0.00     0.00     0.00     0.00     0.00     0.00     0.00     0.00     0.00     0.00     0.00     0.00     0.00     0.00     0.00     0.00     0.00     0.00     0.00     0.00     0.00     0.00     0.00     0.00     0.00     0.00 
    0.00     0.00     0.00     0.00     0.00     0.00     0.00     0.00     0.00     0.00     0.00     0.00     0.00     0.00     0.00     0.00 
   -4.43     9.04     0.46    -3.08     8.48     0.76     1.03    -3.90    -2.27     8.08    -1.00     1.81    -2.66     1.00    -3.54     2.50     6.47     4.49     0.54     1.71    -1.50    10.93     3.88    -2.61     8.48    10.48     2.37     2.79     7.41     0.28    13.68     6.66    23.74    76.61   331.17   141.42 
    0.00     0.00     0.00     0.00     0.00     0.00     0.00     0.00     0.00     0.00     0.00     0.00     0.00     0.00     0.00     0.00 


RMS Noise Of Each Node:
    8.61     6.62     6.33     5.27     6.16     7.64     7.27     8.62     6.62     9.49     5.35     7.17     6.25     6.60     8.62     5.35     5.09     5.05     7.04     6.61     7.08     6.37     7.82     5.81     6.00     5.84     5.71     5.65     5.34     5.33     7.08     5.97     5.32    23.75    34.50    19.07 
    7.19     6.74     6.65     6.43     5.72     7.37     6.40     6.08     5.41     5.76     4.99     6.54     6.35     6.76     6.40     5.29     5.42     4.73     6.43     6.39     6.65     5.39     7.38     5.51     6.94     5.76     5.76     4.81     5.08     5.88     6.25     5.75     6.99    53.95    20.76    66.50 
    8.34     9.61     7.03     6.27     6.46     7.09     7.20     8.83     6.71     6.99     5.54     8.41     6.30     6.49     7.91     5.79     6.25     8.71     7.89     7.13     5.04     5.83     7.06     5.68     5.16     5.76     9.21     4.84     5.41     5.46     6.80     6.34     6.91    13.75    22.87    21.31 
   10.56     7.23     5.42     5.87     6.44     7.36     8.51     7.54     7.70     7.57     5.39     5.71     6.42     5.99     8.16     6.14     6.93     5.83     8.45     5.91     5.22     6.16     6.54     5.55     5.33     6.76     6.24     5.85     5.59     5.81     6.29     6.13     6.45     6.82    14.94     8.58 
    7.76     9.01     6.79     6.57     6.65     6.65     6.31     7.22     6.05     6.08     4.86     6.00     5.96     6.46     8.04     5.93     5.89     4.81     7.24     4.99     6.15     6.52     7.13     4.76     5.15     5.44     5.64     6.24     4.70     5.40     7.12     5.77     6.23     6.92    12.87     9.03 
    8.71     6.06     7.10     7.32     6.77     7.39     7.07     7.34     5.78     5.68     5.51     6.58     5.54     6.84     8.74     5.64     5.61     5.43     6.57     6.67     5.74     6.63     7.21     6.41     5.76     5.76     7.86     5.96     4.93     6.20     6.26     6.08     5.77     6.13    10.96     6.95 
    7.05     7.39     5.77     5.37     6.92     8.99     7.40     7.03     6.98     8.05     5.52     6.08     6.99     6.97     8.41     5.31     5.05     5.66     6.76     5.27     4.77     8.45     7.68     5.47     5.04     6.51     5.16     5.70     5.32     6.53     5.40     5.67     6.23     6.93    10.19     9.36 
    7.97     6.66     7.03     7.37     6.44     7.65     8.25     7.28     5.65     7.40     6.43     5.18     5.65     6.19     8.80     5.78     7.12     5.59     8.34     5.56     5.42     5.11     7.02     4.97     6.24     4.42     6.05     4.83     5.65     6.44     6.53     7.35     6.41     7.98    11.79    10.85 
    8.70     8.83     6.27     6.44     6.48     7.51     6.53     7.48     6.31     7.00     7.37     6.45     6.53     5.46     8.36     5.75     6.39     7.28     6.51     6.57     5.49     5.12     8.27     5.89     7.45     4.72     5.64     5.77     5.52     7.31     6.66     5.47     5.97     8.50    11.51     8.07 
    6.54     7.60     5.38     6.26     5.80     7.95     7.82     7.83     8.13     7.56     6.46     5.97     5.73     6.65     7.08     7.47     6.33     5.98     7.12     5.70     6.25     5.65     6.89     5.60     5.45     5.54     5.23     5.08     7.01     5.45     5.44     4.91     6.36     5.76    12.50     6.76 
    7.40     6.16     8.55     8.18     7.26     7.46     7.04     6.50     7.47     7.20     6.99     5.98     6.67     6.73     7.84     6.21     5.48     5.69     9.38     6.00     5.75     6.31     7.00     5.49     5.56     7.33     4.70     5.71     5.80     5.70     6.61     5.59     6.01     6.31    11.82     9.65 
    7.54     9.17     7.50     7.19     7.83     7.87     7.94     8.43     5.31     6.82     5.59     6.74     7.11     7.02     9.51     4.83     5.34     5.77     7.73     5.15     6.84     5.96     7.02     9.80     5.88     6.59     4.85     4.98     5.41     5.43     6.31     5.03     6.35     6.91    13.40     7.68 
   11.28     7.17     7.64     6.91     6.40     7.55     6.71     8.41     7.21     7.61     6.43     7.09     6.94     6.08     8.17     5.60     5.41     7.56     6.76     6.76     5.78     5.73     8.01     6.97     6.03     5.38     5.40     7.28     6.34     6.42     7.94     7.71     5.42     7.13    10.48     8.48 
    6.86     6.47     8.00     5.81     6.69     7.90     7.07     8.47     5.20     7.07     7.23     5.74     6.82     6.40     8.40     6.74     5.56     5.71     8.36     6.45     5.60     5.49     7.80     6.51     5.66     6.22     4.71     6.16     5.50     5.17     5.28     5.97     6.34     6.83    11.70     9.73 
    6.34     6.61     7.56     6.28     8.07     7.75     6.76     8.18     6.00     8.20     5.97     5.80     6.96     7.27     7.77     5.19     5.70     6.73     7.63     5.85     5.81     7.00     7.05     5.80     5.83     5.65     5.94     4.74     5.04     4.94     6.32     4.65     5.89     8.40    11.17     6.60 
    6.33     8.04     6.08     5.75     5.44     6.96     7.09     6.96     6.30     7.84     5.81     6.65     5.92     6.70     6.66     5.77     6.15     7.10     6.24     6.10     6.10     5.35     6.74     4.76     5.00     7.01     6.41     6.62     6.95     5.75     6.71     6.88     5.92     6.41    13.30     8.89 
    0.00     0.00     0.00     0.00     0.00     0.00     0.00     0.00     0.00     0.00     0.00     0.00     0.00     0.00     0.00     0.00     0.00     0.00     0.00     0.00     0.00     0.00     0.00     0.00     0.00     0.00     0.00     0.00     0.00     0.00     0.00     0.00     0.00     0.00     0.00     0.00 
    0.00     0.00     0.00     0.00     0.00     0.00     0.00     0.00     0.00     0.00     0.00     0.00     0.00     0.00     0.00     0.00 
    7.73     7.31     7.23     8.82     8.07     7.72     7.53     7.73     8.23     8.20     7.40     7.60     7.71     6.81     7.48     7.73     8.81     9.13     8.88     6.51     7.20     8.30     6.88     8.18     8.90     8.07     7.95     9.44     8.93     8.66     9.32     7.52     8.61    14.08     9.99    24.11 
    0.00     0.00     0.00     0.00     0.00     0.00     0.00     0.00     0.00     0.00     0.00     0.00     0.00     0.00     0.00     0.00 


SNR_RMS Of Each Node:
   -0.54    -1.39    -2.84     0.00     0.00   -12.51    -2.69     0.00     0.00     0.00    -4.52   -14.44     0.00     0.00    -1.43     0.00   -15.04   -15.79    -9.94     0.00     0.00    -2.12   -13.89     0.00     0.00     0.00     0.00     0.00     0.00   -31.61    -5.43     0.00     0.00     7.93    20.91    17.85 
  -19.19    -5.24    -6.71    -6.01     0.00     0.00   -22.50     0.00     0.00     0.00     0.00    -7.46    -2.46    -4.69     0.00   -13.88   -17.17    -9.70     0.00     0.00    -4.93     0.00     0.00     0.00    -6.43     0.00     0.00     0.00     0.00     0.00     0.00     0.00     0.00    14.02    34.02    17.41 
   -2.49   -47.61   -22.29     0.00     0.00    -8.52   -31.58    -2.23     0.00     0.00     0.00     0.00     0.00   -22.62    -7.78    -2.13     0.00     0.00     0.00     0.00   -11.64     0.00     0.00     0.00     0.00   -14.15     0.00   -17.05     0.00     0.00     0.00     0.00     0.00     7.14    22.42    11.83 
    1.29   -11.25    -8.11    -6.88    -4.79     0.00     0.00    -9.45    -2.44    -5.37     0.00     0.00    -1.58     0.00     0.00   -55.76     0.00     0.00    -5.77     0.00   -16.08    -5.72     0.00     0.00     0.00     0.00     0.00     0.00     0.00     0.00     0.00     0.00     0.00     0.00     0.47   -32.23 
   -1.50     0.00     0.29     4.73     0.00   -11.39     0.00    -7.54    -6.19    -2.30   -13.73   -16.57   -13.78     0.00    -7.10     0.42    -8.63   -31.37     0.00   -15.28    -8.85     0.00    -1.09     0.00    -5.32     0.00   -12.95   -16.35     0.00   -16.70    -1.28   -15.05     0.00     0.00     0.00     0.00 
   -4.24     0.00     0.00    -3.19     0.00     0.00    -5.49     0.00     0.00     0.00   -17.92     0.00    -9.25   -16.88     0.00    -4.12     0.00   -12.97     0.00   -25.36     0.00     0.00     0.00     0.00   -11.63     0.00    -2.35     0.00   -15.48   -10.09   -14.28     0.00     0.00     0.00     0.00     0.00 
    0.00   -10.76    -9.79   -13.24     0.00     0.00    -5.26     0.00     0.00     0.00     0.00     0.00     0.00     0.00     0.00     0.00     0.00     0.00   -11.35     0.00     0.00    -1.69    -6.32   -13.92   -11.13   -11.07   -13.76     0.00     0.00     0.00     0.00   -19.36     0.00     0.00     0.00     0.00 
    0.00    -4.69    -1.31    -9.56   -56.17    -4.21     0.00   -22.28    -8.31   -15.38     0.00     0.00   -33.46     0.00   -14.54    -3.39     0.00     0.00    -2.40   -15.35   -14.51    -8.55     0.00     0.00    -3.22     0.00    -6.87    -2.72    -2.74     0.00    -6.97     0.00     0.00     0.00   -41.43     0.00 
    3.57    -4.22   -20.99    -0.73     0.00   -18.24    -4.09     0.00    -3.45    -4.58     0.00     0.00    -5.22   -13.38   -31.60     0.00     0.00    -2.31     0.00     0.00     0.00     0.00    -3.23     0.00     0.00     0.00     0.00   -24.86     0.00     1.60     0.00    -9.15   -22.26     0.00   -10.65     0.00 
   -4.41    -4.27     0.00   -37.87   -13.68     0.00     0.00    -7.91    -0.87     0.00    -3.02    -9.33    -4.40     0.00     0.00    -0.69     0.00   -16.26   -15.40     0.00     0.00    -5.47     0.00     0.00     0.00    -9.12     0.00   -33.29     0.00   -22.06   -17.21     0.00     0.00     0.00   -15.05     0.00 
   -5.04     0.00    -3.92   -14.34    -3.93     0.00     0.00    -9.57     0.00     0.00    -2.52     0.00    -5.14     0.00     0.00    -2.30     0.00    -6.58    -0.53    -6.81   -15.73     0.00     0.00    -9.50    -9.84     0.00     0.00   -12.46     0.00    -7.06     0.00   -17.57     0.00   -10.90     0.00     0.00 
    1.80     2.65    -5.37    -0.18     0.00    -5.92    -0.38     0.00     0.00     0.00     0.00     0.00    -4.53     0.00    -2.94     0.00    -2.38    -7.98    -5.11   -11.50     0.00    -5.99   -14.44     0.00     0.00     0.00   -11.31   -24.12     0.00   -11.91    -7.80     0.00     0.00     0.00   -13.29     0.00 
    4.26    -5.53     2.73     0.68    -7.15    -2.15     0.00    -2.57    -0.41     0.00    -7.41     0.00    -7.05     0.00    -8.76    -8.94     0.00     0.00    -6.71   -19.82     0.00     0.00    -9.41    -2.59    -0.29   -11.58     0.00     0.00     0.00     0.00     0.00     0.00     0.00   -10.41     0.00     0.00 
   -4.89     0.00     0.00     0.00     0.00     0.00     0.00    -7.38     0.00     0.00    -2.91     0.00    -4.31   -29.68    -1.86     0.00     0.00    -7.18    -0.06    -3.64   -11.61     0.00    -3.87     0.81   -43.01    -0.57    -9.38     0.00    -9.71     0.00    -9.25     0.00     0.00     0.00     0.00     0.00 
    0.00   -24.58     0.00    -5.57    -0.83    -3.65     0.00    -1.35    -5.57    -1.35     0.00     0.00     0.00    -2.27     0.00     0.00     0.00    -2.85    -7.91     0.00   -11.20     0.00     0.00    -5.02    -9.25    -7.26     0.00   -35.45     0.00     0.00     0.00    -7.68    -8.92     0.00     0.00     0.00 
   -4.91     3.70    -6.83    -4.05     0.00     0.00    -3.78    -8.22   -21.50     1.76    -2.92     0.48    -7.19    -4.54     0.00    -9.97     0.00     2.92     0.00     0.00     0.00   -12.28    -2.68     0.00    -6.31     0.00     0.00     0.00     0.00   -11.85     0.00     0.00     0.00   -12.21     0.00     0.00 
    0.00     0.00     0.00     0.00     0.00     0.00     0.00     0.00     0.00     0.00     0.00     0.00     0.00     0.00     0.00     0.00     0.00     0.00     0.00     0.00     0.00     0.00     0.00     0.00     0.00     0.00     0.00     0.00     0.00     0.00     0.00     0.00     0.00     0.00     0.00     0.00 
    0.00     0.00     0.00     0.00     0.00     0.00     0.00     0.00     0.00     0.00     0.00     0.00     0.00     0.00     0.00     0.00 
    0.00     1.84   -23.93     0.00     0.43   -20.13   -17.27     0.00     0.00    -0.13     0.00   -12.47     0.00   -16.67     0.00    -9.81    -2.68    -6.17   -24.32   -11.62     0.00     2.39    -4.98     0.00    -0.42     2.27   -10.51   -10.59    -1.62   -29.81     3.34    -1.06     8.81    14.71    30.41    15.37 
    0.00     0.00     0.00     0.00     0.00     0.00     0.00     0.00     0.00     0.00     0.00     0.00     0.00     0.00     0.00     0.00 


