**************************************************P2P_Noise SNR Of Each Node*******************************************
TxNum:16
RxNum:36


Signal Of Each Node:
    8.09     5.64     4.57    -0.29    -2.74     1.81     5.33    -3.96    -3.22    -6.65     3.18     1.36    -1.70    -4.52     7.31    -2.88     0.90     0.82     2.24    -3.25    -6.74     4.99     1.58    -0.45    -2.87    -1.68    -2.00    -2.99    -1.04     0.14     3.79    -1.95    -0.50    59.19   382.95   148.92 
    0.79     3.69     3.07     3.22    -3.88    -1.86     0.48    -1.09    -0.51    -2.83    -4.04     2.77     4.78     3.94    -2.97     1.07     0.75     1.55    -0.75    -3.42     3.77    -1.55    -4.99    -2.54     3.31    -3.84    -4.00    -2.67    -1.57    -2.38    -0.68    -0.28    -0.53   271.06  1042.73   493.78 
    6.26     0.04     0.54    -0.40    -2.36     2.66     0.19     6.83    -0.81    -1.69    -1.66    -6.62    -1.41     0.48     3.23     4.53    -1.96    -6.68    -2.60    -3.75     1.32    -0.97    -1.32    -1.23    -2.48     1.13    -6.88     0.68    -3.50    -1.77    -1.42    -2.82    -5.56    31.27   302.30    83.17 
   12.26     1.98     2.13     2.66     3.71    -4.32    -8.33     2.54     5.81     4.08    -0.79    -2.45     5.35    -0.09    -1.24     0.01    -5.75    -3.51     4.35    -3.63     0.82     3.19    -0.85    -1.61    -0.09    -4.45    -4.36    -2.09    -2.35    -1.78    -2.90    -3.90    -3.17    -2.31    15.78     0.21 
    6.53    -3.88     7.02    11.33    -1.11     1.79    -1.35     3.03     2.97     4.67     1.00     0.89     1.22    -2.53     3.55     6.22     2.18     0.13    -4.71     0.86     2.22    -2.87     6.29    -0.72     2.79    -1.06     1.27     0.95    -1.45     0.79     6.15     1.02    -1.43    -0.31    -6.43    -0.61 
    5.34    -0.51    -2.62     5.07    -0.45    -1.54     3.76    -2.15    -1.45    -4.31     0.70    -3.39     1.91     0.98    -3.78     3.51    -4.33     1.22    -0.89     0.36    -4.69    -6.51    -6.08    -6.65     1.51    -4.93     6.00    -2.99     0.83     1.94     1.21    -3.49    -1.88    -3.71    -4.31    -5.55 
   -0.99     2.14     1.87     1.17    -6.80    -0.89     4.04    -4.42    -2.68   -10.69    -0.58    -7.09    -6.65    -0.11    -0.06    -0.06    -1.59    -0.94     1.83    -0.36    -3.45     6.96     3.71     1.10     1.40     1.82     1.06    -2.91    -2.45    -1.89    -1.75     0.61    -1.72    -3.13    -0.72    -7.33 
   -3.88     3.88     6.05     2.45     0.01     4.71    -5.89     0.56     2.17     1.26    -2.90    -2.89     0.12    -2.73     1.65     3.91    -3.71    -0.75     6.33     0.95     1.02     1.91    -0.43    -1.37     4.31    -0.91     2.74     3.53     4.12    -2.25     2.93    -5.75    -0.29    -6.36     0.10   -13.54 
   13.12     5.43     0.56     5.92    -1.73     0.92     4.08    -0.88     4.24     4.13    -5.24    -3.33     3.58     1.17     0.22    -3.14    -4.20     5.58    -0.84    -0.86    -1.67    -0.79     5.70    -2.09    -4.89    -1.08    -4.99     0.33    -0.73     8.79    -2.71     1.91     0.46    -5.24     3.38    -2.79 
    3.94     4.65    -1.23     0.08     1.20    -4.71    -1.12     3.15     7.35    -0.39     4.56     2.04     3.45    -2.74    -1.12     6.90    -5.05     0.92     1.21    -1.15    -7.04     3.01    -3.04    -1.50    -1.92     1.94    -1.91     0.11    -5.34     0.43     0.75    -1.39    -3.44    -0.80     2.21    -1.41 
    4.14    -1.26     5.45     1.57     4.62    -6.59    -2.27     2.16    -3.41    -2.66     5.23    -1.55     3.69    -1.24    -1.34     4.76    -0.07     2.67     8.83     2.74     0.94    -3.77    -3.00     1.84     1.79    -4.70    -0.36     1.36    -2.36     2.53    -2.09     0.74    -1.04     1.80    -5.05    -7.35 
    9.28    12.44     4.04     7.04    -5.60     3.98     7.60    -5.99    -3.15    -3.28    -3.71    -4.79     4.22    -2.72     6.78    -2.96     4.06     2.30     4.29     1.37    -4.93     2.99     1.33    -7.45    -3.47    -1.16     1.32     0.31    -1.45     1.38     2.57    -0.48    -2.82    -2.20     2.90    -2.15 
   18.43     3.79    10.46     7.47     2.81     5.89    -2.09     6.25     6.88    -4.19     2.74    -4.18     3.08    -1.42     2.98     2.00    -1.96    -4.90     3.12     0.69    -3.03    -3.06     2.71     5.17     5.83     1.42    -1.23    -4.57    -3.41    -1.03    -3.54    -4.34    -1.21     2.15    -0.55    -4.36 
    3.91    -0.63    -8.53    -1.78    -1.36    -5.25    -0.86     3.62    -0.59    -0.56     5.17    -2.01     4.15     0.21     6.78    -4.73    -0.68     2.50     8.30     4.24     1.47    -1.13     4.99     7.14     0.04     5.83     1.60    -3.84     1.80    -0.34     1.82    -4.89    -0.37    -3.22     0.00   -10.33 
   -0.49     0.39    -6.34     3.31     7.34     5.09    -3.83     7.00     3.16     7.02    -1.78    -3.61    -0.12     5.60    -0.40    -1.87    -3.02     4.85     3.07    -0.10     1.60    -3.56    -1.19     3.25     2.01     2.45    -1.69     0.08    -1.87    -0.22    -2.44     1.92     2.11   -12.01    -9.95    -1.23 
    3.60    12.31     2.77     3.61    -1.67    -1.46     4.59     2.70     0.53     9.60     4.15     7.03     2.59     3.97    -2.29     1.83    -1.14     9.94    -0.65    -0.62    -2.60     1.30     4.95    -1.70     2.42    -1.82    -2.34    -2.37    -4.46     1.47    -0.89    -3.17    -0.76     1.57    -0.65    -5.00 
    0.00     0.00     0.00     0.00     0.00     0.00     0.00     0.00     0.00     0.00     0.00     0.00     0.00     0.00     0.00     0.00     0.00     0.00     0.00     0.00     0.00     0.00     0.00     0.00     0.00     0.00     0.00     0.00     0.00     0.00     0.00     0.00     0.00     0.00     0.00     0.00 
    0.00     0.00     0.00     0.00     0.00     0.00     0.00     0.00     0.00     0.00     0.00     0.00     0.00     0.00     0.00     0.00 
   -4.43     9.04     0.46    -3.08     8.48     0.76     1.03    -3.90    -2.27     8.08    -1.00     1.81    -2.66     1.00    -3.54     2.50     6.47     4.49     0.54     1.71    -1.50    10.93     3.88    -2.61     8.48    10.48     2.37     2.79     7.41     0.28    13.68     6.66    23.74    76.61   331.17   141.42 
    0.00     0.00     0.00     0.00     0.00     0.00     0.00     0.00     0.00     0.00     0.00     0.00     0.00     0.00     0.00     0.00 


P2P Noise Of Each Node:
      37       34       27       34       30       48       30       40       33       39       24       29       34       40       41       26       22       25       45       35       34       28       36       31       29       30       28       32       26       25       36       31       30      107      173       83 
      38       36       40       29       31       39       37       28       24       32       23       31       31       38       35       25       31       22       31       34       33       27       37       28       35       32       30       24       25       29       29       28       45      203       93      249 
      40       47       31       31       36       34       34       46       36       34       28       37       35       32       39       27       35       48       44       34       25       28       37       29       26       35       41       29       28       28       37       32       33       65      132      106 
      54       37       22       30       33       35       43       41       37       40       28       35       27       30       59       41       30       36       47       27       26       27       42       31       25       41       26       31       27       32       35       32       35       43       74       47 
      39       46       31       35       37       34       39       32       31       35       26       31       36       35       46       32       32       29       30       24       30       41       34       24       29       32       25       42       21       32       32       30       30       40       66       48 
      41       32       41       33       33       48       35       43       26       25       31       31       25       34       43       31       31       27       33       35       27       29       36       32       31       29       37       34       25       40       26       33       28       29       59       40 
      38       33       26       30       30       54       35       31       42       39       32       29       34       40       46       30       29       27       36       26       24       42       45       30       23       40       31       30       28       32       27       36       29       36       68       44 
      39       37       32       35       36       38       45       38       28       35       36       27       29       34       44       34       31       27       43       30       38       26       35       28       33       23       32       24       23       40       29       44       27       43       60       60 
      38       44       36       30       36       38       33       36       38       36       32       40       32       34       42       30       31       35       35       42       33       30       35       30       32       27       28       28       33       35       32       26       29       41       63       50 
      33       37       27       31       28       40       44       40       42       39       26       27       26       35       43       37       32       32       39       28       32       28       37       31       31       26       29       23       36       28       27       23       32       31       63       38 
      36       35       42       38       32       47       30       37       42       42       36       41       34       36       42       28       27       28       43       35       26       35       32       26       28       43       23       29       24       31       41       32       28       39       68       48 
      33       47       37       34       42       39       34       41       24       34       31       35       36       39       45       27       26       27       37       28       34       34       40       45       27       34       30       23       28       29       31       28       35       38       99       54 
      56       32       37       34       34       42       32       37       34       36       31       36       36       26       40       33       34       38       33       30       30       30       42       34       29       25       30       33       33       34       43       37       27       44       56       43 
      37       37       36       30       34       38       33       46       31       36       36       29       35       38       45       30       33       30       42       32       29       29       39       32       26       29       22       31       23       27       25       31       34       43       71       45 
      32       32       36       35       35       36       34       38       31       42       30       34       41       32       49       26       25       35       45       31       28       36       35       30       32       28       29       28       24       22       32       21       27       40       50       32 
      31       40       38       28       26       33       35       32       36       38       27       32       26       29       43       28       30       35       34       27       31       26       32       21       30       37       37       32       36       34       40       35       35       26       85       42 
       0        0        0        0        0        0        0        0        0        0        0        0        0        0        0        0        0        0        0        0        0        0        0        0        0        0        0        0        0        0        0        0        0        0        0        0 
       0        0        0        0        0        0        0        0        0        0        0        0        0        0        0        0 
      40       38       40       49       37       36       41       33       40       43       33       36       41       29       34       39       43       42       49       35       41       38       37       46       48       36       47       43       44       45       50       39       46       66       45       87 
       0        0        0        0        0        0        0        0        0        0        0        0        0        0        0        0 


SNR_P2P Of Each Node:
  -13.21   -15.60   -15.43     0.00     0.00   -28.47   -15.01     0.00     0.00     0.00   -17.56   -26.58     0.00     0.00   -14.98     0.00   -27.76   -29.68   -26.06     0.00     0.00   -14.98   -27.15     0.00     0.00     0.00     0.00     0.00     0.00   -45.04   -19.55     0.00     0.00    -5.14     6.90     5.08 
  -33.64   -19.79   -22.30   -19.09     0.00     0.00   -37.74     0.00     0.00     0.00     0.00   -20.98   -16.24   -19.69     0.00   -27.37   -32.33   -23.04     0.00     0.00   -18.84     0.00     0.00     0.00   -20.48     0.00     0.00     0.00     0.00     0.00     0.00     0.00     0.00     2.51    20.99     5.95 
  -16.11   -61.40   -35.18     0.00     0.00   -22.13   -45.05   -16.57     0.00     0.00     0.00     0.00     0.00   -36.48   -21.64   -15.51     0.00     0.00     0.00     0.00   -25.55     0.00     0.00     0.00     0.00   -29.82     0.00   -32.60     0.00     0.00     0.00     0.00     0.00    -6.36     7.20    -2.11 
  -12.88   -25.43   -20.28   -21.04   -18.98     0.00     0.00   -24.16   -16.08   -19.83     0.00     0.00   -14.06     0.00     0.00   -72.26     0.00     0.00   -20.67     0.00   -30.02   -18.55     0.00     0.00     0.00     0.00     0.00     0.00     0.00     0.00     0.00     0.00     0.00     0.00   -13.42   -47.00 
  -15.52     0.00   -12.90    -9.80     0.00   -25.57     0.00   -20.47   -20.37   -17.50   -28.30   -30.84   -29.40     0.00   -22.25   -14.23   -23.33   -46.97     0.00   -28.91   -22.62     0.00   -14.66     0.00   -20.34     0.00   -25.88   -32.91     0.00   -32.15   -14.33   -29.37     0.00     0.00     0.00     0.00 
  -17.70     0.00     0.00   -16.27     0.00     0.00   -19.38     0.00     0.00     0.00   -32.93     0.00   -22.34   -30.81     0.00   -18.92     0.00   -26.90     0.00   -39.76     0.00     0.00     0.00     0.00   -26.25     0.00   -15.80     0.00   -29.58   -26.29   -26.64     0.00     0.00     0.00     0.00     0.00 
    0.00   -23.76   -22.86   -28.18     0.00     0.00   -18.75     0.00     0.00     0.00     0.00     0.00     0.00     0.00     0.00     0.00     0.00     0.00   -25.88     0.00     0.00   -15.61   -21.68   -28.71   -24.31   -26.84   -29.32     0.00     0.00     0.00     0.00   -35.42     0.00     0.00     0.00     0.00 
    0.00   -19.59   -14.47   -23.10   -71.13   -18.14     0.00   -36.63   -22.21   -28.87     0.00     0.00   -47.66     0.00   -28.52   -18.79     0.00     0.00   -16.64   -29.99   -31.42   -22.68     0.00     0.00   -17.68     0.00   -21.35   -16.65   -14.94     0.00   -19.91     0.00     0.00     0.00   -55.56     0.00 
   -9.24   -18.17   -36.16   -14.10     0.00   -32.32   -18.16     0.00   -19.05   -18.81     0.00     0.00   -19.03   -29.27   -45.62     0.00     0.00   -15.95     0.00     0.00     0.00     0.00   -15.76     0.00     0.00     0.00     0.00   -38.57     0.00   -12.00     0.00   -22.68   -35.99     0.00   -25.41     0.00 
  -18.46   -18.01     0.00   -51.77   -27.36     0.00     0.00   -22.07   -15.14     0.00   -15.12   -22.43   -17.54     0.00     0.00   -14.59     0.00   -30.83   -30.17     0.00     0.00   -19.37     0.00     0.00     0.00   -22.54     0.00   -46.41     0.00   -36.27   -31.13     0.00     0.00     0.00   -29.10     0.00 
  -18.79     0.00   -17.74   -27.68   -16.81     0.00     0.00   -24.67     0.00     0.00   -16.76     0.00   -19.29     0.00     0.00   -15.39     0.00   -20.41   -13.75   -22.13   -28.84     0.00     0.00   -23.00   -23.89     0.00     0.00   -26.58     0.00   -21.76     0.00   -32.72     0.00   -26.72     0.00     0.00 
  -11.02   -11.55   -19.24   -13.68     0.00   -19.82   -13.01     0.00     0.00     0.00     0.00     0.00   -18.62     0.00   -16.44     0.00   -16.13   -21.39   -18.71   -26.21     0.00   -21.12   -29.56     0.00     0.00     0.00   -27.13   -37.41     0.00   -26.45   -21.63     0.00     0.00     0.00   -30.66     0.00 
   -9.65   -18.53   -10.97   -13.16   -21.66   -17.06     0.00   -15.45   -13.88     0.00   -21.07     0.00   -21.36     0.00   -22.56   -24.35     0.00     0.00   -20.49   -32.77     0.00     0.00   -23.81   -16.36   -13.93   -24.91     0.00     0.00     0.00     0.00     0.00     0.00     0.00   -26.22     0.00     0.00 
  -19.52     0.00     0.00     0.00     0.00     0.00     0.00   -22.08     0.00     0.00   -16.86     0.00   -18.52   -45.15   -16.44     0.00     0.00   -21.58   -14.08   -17.56   -25.90     0.00   -17.86   -13.03   -56.26   -13.93   -22.77     0.00   -22.13     0.00   -22.76     0.00     0.00     0.00     0.00     0.00 
    0.00   -38.28     0.00   -20.48   -13.57   -16.99     0.00   -14.69   -19.83   -15.54     0.00     0.00     0.00   -15.14     0.00     0.00     0.00   -17.17   -23.32     0.00   -24.86     0.00     0.00   -19.30   -24.04   -21.16     0.00   -50.88     0.00     0.00     0.00   -20.78   -22.14     0.00     0.00     0.00 
  -18.70   -10.24   -22.75   -17.79     0.00     0.00   -17.65   -21.48   -36.64   -11.95   -16.27   -13.16   -20.03   -17.27     0.00   -23.69     0.00   -10.93     0.00     0.00     0.00   -26.02   -16.21     0.00   -21.87     0.00     0.00     0.00     0.00   -27.28     0.00     0.00     0.00   -24.38     0.00     0.00 
    0.00     0.00     0.00     0.00     0.00     0.00     0.00     0.00     0.00     0.00     0.00     0.00     0.00     0.00     0.00     0.00     0.00     0.00     0.00     0.00     0.00     0.00     0.00     0.00     0.00     0.00     0.00     0.00     0.00     0.00     0.00     0.00     0.00     0.00     0.00     0.00 
    0.00     0.00     0.00     0.00     0.00     0.00     0.00     0.00     0.00     0.00     0.00     0.00     0.00     0.00     0.00     0.00 
    0.00   -12.47   -38.79     0.00   -12.80   -33.51   -32.00     0.00     0.00   -14.52     0.00   -25.97     0.00   -29.25     0.00   -23.86   -16.45   -19.42   -39.16   -26.22     0.00   -10.82   -19.59     0.00   -15.06   -10.72   -25.95   -23.76   -15.47   -44.12   -11.26   -15.35    -5.75     1.29    17.34     4.22 
    0.00     0.00     0.00     0.00     0.00     0.00     0.00     0.00     0.00     0.00     0.00     0.00     0.00     0.00     0.00     0.00 


