**************************************************P2P_Noise SNR Of Each Node*******************************************
TxNum:16
RxNum:36


Signal Of Each Node:
    7.73     2.94     0.41     5.90    -0.59     7.18     1.94     9.90     2.89    -2.18     8.70     6.45     2.58    -0.69     3.32     2.54     2.68     3.76    -0.24    -1.56     1.61     0.63    -1.39     1.46    -2.11    -1.11    -1.14    -3.01    -2.64    -1.50    -3.19     1.05     0.01    -2.02     7.89     6.23 
   -0.11     1.90     1.55    -0.18     8.63     2.63     3.19     0.16     4.80    -4.81    -0.29     5.59     2.04     8.44     2.20     4.56     4.19    -2.93     1.86     6.00    -0.79     1.29     3.31    -1.81    -0.42    -2.71    -2.40    -1.50    -1.63    -2.79     4.47    -2.08     2.90    -3.34    -1.89     3.30 
   15.21    13.79     4.78    12.53    -0.74     5.90     2.70     8.45    -3.39     0.46     0.98     1.02     2.42     3.79     6.74     0.05    -5.16     0.42     0.58     5.39     3.24     0.00    -1.65     0.43    -3.12    -3.78    -2.31    -0.85    -2.85    -3.41    -3.47     1.19     0.37    -1.71    -1.01     0.29 
    6.48    13.28     1.50     1.30    -5.02    -0.50    -1.92     1.63     5.18     2.24     6.71    -4.33    11.96     4.56    -1.08     5.38     6.64     9.10     2.68     9.04     4.42     0.63     2.61    -0.14    -3.66    -2.04    -3.71    -1.34    -0.85    -0.66    -0.69    -2.49    -2.41    -2.47    -1.92    -1.30 
    8.71    11.24     8.20     4.10     5.31     1.94     4.36    10.86     2.32     2.68    -0.37    -0.45    -0.47     2.13     4.71     3.87     8.28     5.93    -0.56    -0.72     0.21     1.00    -1.30     4.82     1.91    -1.85     4.37    -1.47     1.03    -3.73    -3.57    -2.38    -3.28     2.41    -3.63    -1.81 
   -5.89     0.14    -2.11     7.32    -2.56     4.11     4.06    12.92     6.29     0.98    16.61     2.89    10.28    -0.38     2.83     0.43     8.80     5.96    -2.66    -2.50     8.56    -1.93    -0.59    -1.77    -0.62    -2.00    -3.10     0.85    -3.58    -2.03    -1.24    -4.73     2.22    -3.15    -1.04    -6.94 
    9.56    13.04     4.91     3.84     1.62     8.28     4.39     4.30     5.99    -2.04     7.22     2.25    -5.28     0.44     1.76     2.16     7.35    -0.04     2.87    -0.10     4.43    -0.60     2.36    -5.67     0.06    -5.25     0.41    -2.86    -3.52    -7.53    -7.82    -5.41    -0.70     4.07     0.40    -9.63 
   14.04     4.73     6.65    10.73     5.52     3.67    -2.36    -0.50    -0.56    -1.72     2.81     2.44    -0.63    -4.53     6.86    -3.76     0.23    -3.61     3.69     4.97    -1.33    -2.26     2.95    -4.77    -0.90     1.99    -4.70    -1.22    -0.59    -4.46    -1.63    -3.17    -1.83    66.09   427.01    98.79 
    1.62    -4.79     4.84     2.18     2.99     4.18     6.27     1.55     8.69     0.45     5.05    -0.08     0.15     4.63    -3.58     0.80     3.94     0.79     2.62     1.90    -0.59     1.89    -0.74    -5.25     1.93     0.39    -2.51    -3.54     0.03    -3.49    -1.35     0.61     0.40   274.74  1006.75   464.03 
    5.40     4.27     5.72     0.63    -0.38     2.12    -3.55     1.44    -1.31    -2.99    -5.52    -1.18     0.77     1.83    -2.50    -2.58    -1.76    -7.51    -6.17    -3.70    -2.46    -1.17     1.07     2.77    -3.77    -3.12    -4.01    -3.56    -2.25    -3.28    -2.40     3.88     4.23    56.95   329.81    65.68 
   13.86    -0.14     6.72     2.28     2.48     8.27     3.41     0.79     3.24     1.42    -3.15    -3.35     2.78     4.54     4.91     1.90     5.18    -0.55    -0.02    -0.26     5.84    -0.14     2.75    -1.41    -2.51     4.81    -2.62    -1.14    -0.74    -0.66    -1.71    -1.95    -0.60     2.34     5.39    -1.68 
    3.40     6.90     5.06     7.65     1.21     2.02     8.14     0.37    -1.88     4.29    -4.04     1.08    -3.56    -3.90    -2.32     4.92    -4.94     0.94     3.39    -0.81     0.31     1.14     9.41    -4.44     2.54    -1.49    -1.36    -1.05    -4.18    -0.92     0.50     3.98    -3.86    -2.23    -3.21     0.24 
    3.22     4.51     0.84     8.69     9.89    -1.81     2.99    -3.05    -1.35     1.80     0.30     1.61     3.17     5.41     2.98     1.18     4.10     6.87     1.91     4.81     1.49     2.79    -4.91     2.80     3.61    -1.20    -2.22    -0.94    -4.35    -3.97    -1.77    -0.29    -1.76    -4.31    -1.17    -5.67 
    5.65    -0.84     5.61     7.54    -2.33    -0.16     5.88     2.58     6.35     4.30     3.92     4.17    -3.15     6.72     5.35     8.77     3.48     1.34    -1.83     2.87     7.63    -2.41    -3.60    -2.20    -2.03     2.01    -1.65     0.58    -1.50    -2.57    -4.81    -1.79     1.93    -3.76     0.39     1.25 
    3.68     4.27    -2.58     8.27     0.94     0.51    -2.05    -0.57     6.84     2.21     8.04     5.94    -5.08    -1.65     8.42     0.29    -2.55     7.27     5.75    -4.61    -3.48    -3.92    -0.89    -3.54     2.89     2.92     5.15    -0.10    -3.64    -0.93    -3.36     1.84    -3.60    -3.90     6.31    -1.10 
    7.89     6.10     5.35     7.04    -0.90    -2.04     6.65    -2.99     2.18     1.21     5.90    -0.71     4.79     3.89     5.22    11.87    -2.92     3.82    -0.47    -4.90     4.81    -3.91     6.34     6.51     2.89    -2.68     3.38    -3.22     0.53    -3.12    -1.32     2.87    -5.91    -4.59     6.63    -2.68 
    0.00     0.00     0.00     0.00     0.00     0.00     0.00     0.00     0.00     0.00     0.00     0.00     0.00     0.00     0.00     0.00     0.00     0.00     0.00     0.00     0.00     0.00     0.00     0.00     0.00     0.00     0.00     0.00     0.00     0.00     0.00     0.00     0.00     0.00     0.00     0.00 
    0.00     0.00     0.00     0.00     0.00     0.00     0.00     0.00     0.00     0.00     0.00     0.00     0.00     0.00     0.00     0.00 
   -7.55    -1.17     3.36     4.22     0.35     9.56     7.03     4.45    -4.43    -6.28    -3.19   -11.43     6.02    -7.00     1.03     3.77     8.10     5.56     2.14    -0.24    -3.85     6.07     2.27     7.33     6.03     4.95     7.02     7.08     9.87     8.06    18.29    11.50    17.03    73.94   327.36   116.10 
    0.00     0.00     0.00     0.00     0.00     0.00     0.00     0.00     0.00     0.00     0.00     0.00     0.00     0.00     0.00     0.00 


P2P Noise Of Each Node:
      29       30       32       27       31       32       39       41       30       33       35       25       38       33       37       26       38       29       37       31       28       34       33       30       32       33       27       30       30       37       40       29       29       41       65       46 
      35       32       34       34       29       42       39       38       29       35       29       30       32       34       37       24       27       36       34       29       24       26       38       28       26       36       26       31       28       29       33       31       32       36       49       38 
      42       59       31       31       37       47       35       35       31       35       25       28       29       28       36       23       46       24       45       31       24       26       37       26       24       38       26       28       32       29       39       35       33       37       58       46 
      51       37       33       28       41       36       39       36       26       32       34       36       31       26       51       29       39       32       34       32       25       31       35       30       31       35       43       30       27       31       35       37       35       38       70       55 
      36       38       37       27       27       44       36       36       29       38       23       31       22       28       36       22       38       35       41       34       28       26       42       27       27       38       27       37       24       33       38       40       39       30       70       41 
      43       36       37       39       30       32       34       40       35       30       43       34       36       29       44       24       30       25       35       41       34       26       38       30       24       30       28       28       38       28       32       46       32       38       59       52 
      39       48       32       30       32       40       35       40       27       38       34       31       41       33       38       27       39       30       41       31       29       25       46       36       28       42       26       29       29       39       40       35       31       41       63       50 
      38       35       30       29       37       41       37       46       39       32       25       27       26       43       47       33       33       35       40       36       28       23       41       37       34       31       44       29       31       39       32       31       44       94      161      136 
      39       33       36       36       42       49       29       37       43       35       29       34       26       29       45       20       32       23       37       30       26       33       46       35       29       27       32       31       23       28       32       26       41      223      147      266 
      48       38       35       38       26       43       45       32       34       41       37       23       27       38       45       25       36       49       36       32       32       27       51       27       30       36       41       39       31       40       34       35       37       76      191      127 
      41       29       37       30       40       29       32       37       26       35       31       34       27       34       40       24       33       24       34       29       28       35       42       28       27       33       35       32       33       37       40       33       42       37       61       43 
      34       36       35       30       40       44       34       37       28       39       34       32       30       37       48       23       37       27       44       29       24       27       38       35       28       33       28       32       29       40       32       36       32       37       53       40 
      33       29       34       31       37       39       37       45       29       43       30       27       30       26       35       22       29       31       42       26       28       32       39       28       27       33       28       20       35       39       29       35       34       35       56       58 
      36       34       30       29       39       37       38       41       29       36       34       26       32       30       47       37       27       27       43       34       35       32       37       26       24       28       28       29       24       38       49       33       33       36       71       50 
      36       34       34       35       36       37       32       40       31       24       31       25       40       33       46       25       27       34       33       42       29       33       34       27       26       28       34       27       34       31       38       27       34       40       76       37 
      36       45       33       38       36       35       34       40       28       38       33       30       26       34       36       32       27       28       39       42       32       33       37       30       24       30       29       35       26       33       35       29       58       38       75       43 
       0        0        0        0        0        0        0        0        0        0        0        0        0        0        0        0        0        0        0        0        0        0        0        0        0        0        0        0        0        0        0        0        0        0        0        0 
       0        0        0        0        0        0        0        0        0        0        0        0        0        0        0        0 
      46       35       37       41       37       43       38       40       45       37       30       37       71       49       53       34       50       41       40       33       40       48       32       48       36       49       43       43       47       41       45       41       47       64       67       96 
       0        0        0        0        0        0        0        0        0        0        0        0        0        0        0        0 


SNR_P2P Of Each Node:
  -11.48   -20.18   -37.85   -13.21     0.00   -12.98   -26.07   -12.34   -20.32     0.00   -12.09   -11.77   -23.36     0.00   -20.94   -20.20   -23.03   -17.74     0.00     0.00   -24.81   -34.64     0.00   -26.26     0.00     0.00     0.00     0.00     0.00     0.00     0.00   -28.82   -69.25     0.00   -18.32   -17.37 
    0.00   -24.53   -26.82     0.00   -10.53   -24.07   -21.75   -47.51   -15.62     0.00     0.00   -14.59   -23.91   -12.10   -24.52   -14.42   -16.18     0.00   -25.24   -13.68     0.00   -26.09   -21.20     0.00     0.00     0.00     0.00     0.00     0.00     0.00   -17.36     0.00   -20.86     0.00     0.00   -21.23 
   -8.82   -12.63   -16.24    -7.87     0.00   -18.02   -22.25   -12.34     0.00   -37.63   -28.13   -28.77   -21.57   -17.37   -14.55   -53.26     0.00   -35.14   -37.80   -15.20   -17.39     0.00     0.00   -35.63     0.00     0.00     0.00     0.00     0.00     0.00     0.00   -29.37   -39.01     0.00     0.00   -44.01 
  -17.92    -8.90   -26.85   -26.66     0.00     0.00     0.00   -26.88   -14.01   -23.10   -14.10     0.00    -8.27   -15.12     0.00   -14.63   -15.38   -10.92   -22.07   -10.98   -15.05   -33.84   -22.55     0.00     0.00     0.00     0.00     0.00     0.00     0.00     0.00     0.00     0.00     0.00     0.00     0.00 
  -12.33   -10.58   -13.09   -16.37   -14.13   -27.11   -18.34   -10.41   -21.94   -23.03     0.00     0.00     0.00   -22.38   -17.67   -15.09   -13.24   -15.42     0.00     0.00   -42.50   -28.30     0.00   -14.97   -23.01     0.00   -15.82     0.00   -27.35     0.00     0.00     0.00     0.00   -21.90     0.00     0.00 
    0.00   -48.20     0.00   -14.53     0.00   -17.83   -18.46    -9.82   -14.91   -29.72    -8.26   -21.41   -10.89     0.00   -23.83   -34.93   -10.65   -12.45     0.00     0.00   -11.98     0.00     0.00     0.00     0.00     0.00     0.00   -30.35     0.00     0.00     0.00     0.00   -23.18     0.00     0.00     0.00 
  -12.21   -11.32   -16.28   -17.86   -25.91   -13.68   -18.03   -19.37   -13.08     0.00   -13.46   -22.78     0.00   -37.50   -26.69   -21.94   -14.50     0.00   -23.10     0.00   -16.32     0.00   -25.80     0.00   -53.38     0.00   -36.04     0.00     0.00     0.00     0.00     0.00     0.00   -20.06   -43.95     0.00 
   -8.65   -17.38   -13.09    -8.64   -16.53   -20.96     0.00     0.00     0.00     0.00   -18.98   -20.88     0.00     0.00   -16.72     0.00   -43.14     0.00   -20.70   -17.20     0.00     0.00   -22.86     0.00     0.00   -23.85     0.00     0.00     0.00     0.00     0.00     0.00     0.00    -3.06     8.47    -2.78 
  -27.63     0.00   -17.43   -24.36   -22.95   -21.38   -13.30   -27.56   -13.89   -37.82   -15.18     0.00   -44.78   -15.94     0.00   -27.96   -18.19   -29.28   -23.00   -23.97     0.00   -24.84     0.00     0.00   -23.54   -36.81     0.00     0.00   -57.69     0.00     0.00   -32.59   -40.21     1.81    16.71     4.83 
  -18.98   -18.99   -15.73   -35.61     0.00   -26.14     0.00   -26.94     0.00     0.00     0.00     0.00   -30.90   -26.35     0.00     0.00     0.00     0.00     0.00     0.00     0.00     0.00   -33.56   -19.78     0.00     0.00     0.00     0.00     0.00     0.00     0.00   -19.10   -18.84    -2.51     4.74    -5.73 
   -9.42     0.00   -14.82   -22.38   -24.15   -10.90   -19.45   -33.41   -18.09   -27.84     0.00     0.00   -19.75   -17.49   -18.22   -22.03   -16.08     0.00     0.00     0.00   -13.61     0.00   -23.68     0.00     0.00   -16.73     0.00     0.00     0.00     0.00     0.00     0.00     0.00   -23.98   -21.07     0.00 
  -20.00   -14.35   -16.80   -11.87   -30.39   -26.76   -12.42   -40.00     0.00   -19.17     0.00   -29.43     0.00     0.00     0.00   -13.40     0.00   -29.16   -22.27     0.00   -37.78   -27.49   -12.12     0.00   -20.85     0.00     0.00     0.00     0.00     0.00   -36.12   -19.13     0.00     0.00     0.00   -44.44 
  -20.21   -16.16   -32.14   -11.05   -11.46     0.00   -21.85     0.00     0.00   -27.56   -40.00   -24.49   -19.52   -13.64   -21.40   -25.41   -16.99   -13.09   -26.84   -14.66   -25.48   -21.19     0.00   -20.00   -17.48     0.00     0.00     0.00     0.00     0.00     0.00     0.00     0.00     0.00     0.00     0.00 
  -16.09     0.00   -14.56   -11.70     0.00     0.00   -16.21   -24.02   -13.19   -18.46   -18.76   -15.90     0.00   -13.00   -18.87   -12.50   -17.80   -26.09     0.00   -21.47   -13.23     0.00     0.00     0.00     0.00   -22.88     0.00   -33.98     0.00     0.00     0.00     0.00   -24.66     0.00   -45.20   -32.04 
  -19.81   -18.02     0.00   -12.53   -31.66   -37.21     0.00     0.00   -13.13   -20.72   -11.72   -12.48     0.00     0.00   -14.75   -38.71     0.00   -13.40   -15.18     0.00     0.00     0.00     0.00     0.00   -19.08   -19.64   -16.39     0.00     0.00     0.00     0.00   -23.33     0.00     0.00   -21.62     0.00 
  -13.18   -17.36   -15.80   -14.64     0.00     0.00   -14.17     0.00   -22.17   -29.94   -14.95     0.00   -14.69   -18.83   -16.77    -8.61     0.00   -17.30     0.00     0.00   -16.46     0.00   -15.32   -13.27   -18.39     0.00   -18.67     0.00   -33.81     0.00     0.00   -20.09     0.00     0.00   -21.07     0.00 
    0.00     0.00     0.00     0.00     0.00     0.00     0.00     0.00     0.00     0.00     0.00     0.00     0.00     0.00     0.00     0.00     0.00     0.00     0.00     0.00     0.00     0.00     0.00     0.00     0.00     0.00     0.00     0.00     0.00     0.00     0.00     0.00     0.00     0.00     0.00     0.00 
    0.00     0.00     0.00     0.00     0.00     0.00     0.00     0.00     0.00     0.00     0.00     0.00     0.00     0.00     0.00     0.00 
    0.00     0.00   -20.84   -19.75   -40.48   -13.06   -14.66   -19.07     0.00     0.00     0.00     0.00   -21.43     0.00   -34.23   -19.10   -15.81   -17.35   -25.43     0.00     0.00   -17.96   -22.98   -16.32   -15.52   -19.91   -15.74   -15.67   -13.56   -14.13    -7.82   -11.04    -8.82     1.25    13.78     1.65 
    0.00     0.00     0.00     0.00     0.00     0.00     0.00     0.00     0.00     0.00     0.00     0.00     0.00     0.00     0.00     0.00 


