**************************************************SNR RMS Data*******************************************
TxNum:16
RxNum:36


SNRRMSAvgMcap:1006.75
SNRRMSSqrtMcap:32.76
SNRRMSMcap:29.75
Noise Max Data(Mcap):
    1029     1011     1008     1029     1002     1033     1029     1030     1038     1028      973      986      995     1004      981     1012      996      980      983     1018      975     1015     1011     1012      955      976      938      970     1043     1040      977     1004      983      989      962      944      990      983      993      942      995      950      954      940      931      960      965      962     1051      986      994     1030     1025     1034     1043     1029     1005     1006     1045     1025     1054     1024     1049     1067     1060     1025     1035     1056     1040     1024     1055     1034     1041     1005      920     1029     1029     1046     1022     1054     1025     1017     1030     1037     1035     1043     1002     1000     1037      986      979      995      976      969     1005      996     1035     1006     1035     1001 

Noise Max Data(Scap WaterOnRx):
SNRRMSAvgScapWaterOnRx:0.00
SNRRMSSqrtScapWaterOnRx:0.00
SNRRMSScapWaterOnRx:0.00
       0        0        0        0        0        0        0        0        0        0        0        0        0        0        0        0        0        0        0        0        0        0        0        0        0        0        0        0        0        0        0        0        0        0        0        0        0        0        0        0        0        0        0        0        0        0        0        0        0        0        0        0        0        0        0        0        0        0        0        0        0        0        0        0        0        0        0        0        0        0        0        0        0        0        0        0        0        0        0        0        0        0        0        0        0        0        0        0        0        0        0        0        0        0        0        0        0        0        0        0 

Noise Max Data(Scap WaterOnTx):
SNRRMSAvgScapWaterOnTx:0.00
SNRRMSSqrtScapWaterOnTx:0.00
SNRRMSScapWaterOnTx:0.00
       0        0        0        0        0        0        0        0        0        0        0        0        0        0        0        0        0        0        0        0        0        0        0        0        0        0        0        0        0        0        0        0        0        0        0        0        0        0        0        0        0        0        0        0        0        0        0        0        0        0        0        0        0        0        0        0        0        0        0        0        0        0        0        0        0        0        0        0        0        0        0        0        0        0        0        0        0        0        0        0        0        0        0        0        0        0        0        0        0        0        0        0        0        0        0        0        0        0        0        0 

Noise Max Data(Scap OtherModeRx):
SNRRMSAvgScapOtherModeRx:327.36
SNRRMSSqrtScapOtherModeRx:14.94
SNRRMSScapOtherModeRx:26.82
     335      337      331      344      346      337      338      321      317      328      327      325      322      323      326      323      323      320      318      323      299      319      314      310      301      308      312      331      329      333      319      308      303      315      308      302      319      306      332      314      313      299      301      302      315      319      303      309      316      333      333      316      342      348      350      330      341      347      321      341      341      328      342      345      347      336      335      341      346      341      345      337      340      320      292      328      346      320      343      341      338      354      350      359      342      337      335      322      323      325      330      347      325      337      338      320      353      340      305      317 

Noise Max Data(Scap OtherModeTx):
SNRRMSAvgScapOtherModeTx:0.00
SNRRMSSqrtScapOtherModeTx:0.00
SNRRMSScapOtherModeTx:0.00
       0        0        0        0        0        0        0        0        0        0        0        0        0        0        0        0        0        0        0        0        0        0        0        0        0        0        0        0        0        0        0        0        0        0        0        0        0        0        0        0        0        0        0        0        0        0        0        0        0        0        0        0        0        0        0        0        0        0        0        0        0        0        0        0        0        0        0        0        0        0        0        0        0        0        0        0        0        0        0        0        0        0        0        0        0        0        0        0        0        0        0        0        0        0        0        0        0        0        0        0 


