**************************************************RMS Noise SNR Each Node*******************************************
TxNum:16
RxNum:36


Signal Of Each Node:
    7.73     2.94     0.41     5.90    -0.59     7.18     1.94     9.90     2.89    -2.18     8.70     6.45     2.58    -0.69     3.32     2.54     2.68     3.76    -0.24    -1.56     1.61     0.63    -1.39     1.46    -2.11    -1.11    -1.14    -3.01    -2.64    -1.50    -3.19     1.05     0.01    -2.02     7.89     6.23 
   -0.11     1.90     1.55    -0.18     8.63     2.63     3.19     0.16     4.80    -4.81    -0.29     5.59     2.04     8.44     2.20     4.56     4.19    -2.93     1.86     6.00    -0.79     1.29     3.31    -1.81    -0.42    -2.71    -2.40    -1.50    -1.63    -2.79     4.47    -2.08     2.90    -3.34    -1.89     3.30 
   15.21    13.79     4.78    12.53    -0.74     5.90     2.70     8.45    -3.39     0.46     0.98     1.02     2.42     3.79     6.74     0.05    -5.16     0.42     0.58     5.39     3.24     0.00    -1.65     0.43    -3.12    -3.78    -2.31    -0.85    -2.85    -3.41    -3.47     1.19     0.37    -1.71    -1.01     0.29 
    6.48    13.28     1.50     1.30    -5.02    -0.50    -1.92     1.63     5.18     2.24     6.71    -4.33    11.96     4.56    -1.08     5.38     6.64     9.10     2.68     9.04     4.42     0.63     2.61    -0.14    -3.66    -2.04    -3.71    -1.34    -0.85    -0.66    -0.69    -2.49    -2.41    -2.47    -1.92    -1.30 
    8.71    11.24     8.20     4.10     5.31     1.94     4.36    10.86     2.32     2.68    -0.37    -0.45    -0.47     2.13     4.71     3.87     8.28     5.93    -0.56    -0.72     0.21     1.00    -1.30     4.82     1.91    -1.85     4.37    -1.47     1.03    -3.73    -3.57    -2.38    -3.28     2.41    -3.63    -1.81 
   -5.89     0.14    -2.11     7.32    -2.56     4.11     4.06    12.92     6.29     0.98    16.61     2.89    10.28    -0.38     2.83     0.43     8.80     5.96    -2.66    -2.50     8.56    -1.93    -0.59    -1.77    -0.62    -2.00    -3.10     0.85    -3.58    -2.03    -1.24    -4.73     2.22    -3.15    -1.04    -6.94 
    9.56    13.04     4.91     3.84     1.62     8.28     4.39     4.30     5.99    -2.04     7.22     2.25    -5.28     0.44     1.76     2.16     7.35    -0.04     2.87    -0.10     4.43    -0.60     2.36    -5.67     0.06    -5.25     0.41    -2.86    -3.52    -7.53    -7.82    -5.41    -0.70     4.07     0.40    -9.63 
   14.04     4.73     6.65    10.73     5.52     3.67    -2.36    -0.50    -0.56    -1.72     2.81     2.44    -0.63    -4.53     6.86    -3.76     0.23    -3.61     3.69     4.97    -1.33    -2.26     2.95    -4.77    -0.90     1.99    -4.70    -1.22    -0.59    -4.46    -1.63    -3.17    -1.83    66.09   427.01    98.79 
    1.62    -4.79     4.84     2.18     2.99     4.18     6.27     1.55     8.69     0.45     5.05    -0.08     0.15     4.63    -3.58     0.80     3.94     0.79     2.62     1.90    -0.59     1.89    -0.74    -5.25     1.93     0.39    -2.51    -3.54     0.03    -3.49    -1.35     0.61     0.40   274.74  1006.75   464.03 
    5.40     4.27     5.72     0.63    -0.38     2.12    -3.55     1.44    -1.31    -2.99    -5.52    -1.18     0.77     1.83    -2.50    -2.58    -1.76    -7.51    -6.17    -3.70    -2.46    -1.17     1.07     2.77    -3.77    -3.12    -4.01    -3.56    -2.25    -3.28    -2.40     3.88     4.23    56.95   329.81    65.68 
   13.86    -0.14     6.72     2.28     2.48     8.27     3.41     0.79     3.24     1.42    -3.15    -3.35     2.78     4.54     4.91     1.90     5.18    -0.55    -0.02    -0.26     5.84    -0.14     2.75    -1.41    -2.51     4.81    -2.62    -1.14    -0.74    -0.66    -1.71    -1.95    -0.60     2.34     5.39    -1.68 
    3.40     6.90     5.06     7.65     1.21     2.02     8.14     0.37    -1.88     4.29    -4.04     1.08    -3.56    -3.90    -2.32     4.92    -4.94     0.94     3.39    -0.81     0.31     1.14     9.41    -4.44     2.54    -1.49    -1.36    -1.05    -4.18    -0.92     0.50     3.98    -3.86    -2.23    -3.21     0.24 
    3.22     4.51     0.84     8.69     9.89    -1.81     2.99    -3.05    -1.35     1.80     0.30     1.61     3.17     5.41     2.98     1.18     4.10     6.87     1.91     4.81     1.49     2.79    -4.91     2.80     3.61    -1.20    -2.22    -0.94    -4.35    -3.97    -1.77    -0.29    -1.76    -4.31    -1.17    -5.67 
    5.65    -0.84     5.61     7.54    -2.33    -0.16     5.88     2.58     6.35     4.30     3.92     4.17    -3.15     6.72     5.35     8.77     3.48     1.34    -1.83     2.87     7.63    -2.41    -3.60    -2.20    -2.03     2.01    -1.65     0.58    -1.50    -2.57    -4.81    -1.79     1.93    -3.76     0.39     1.25 
    3.68     4.27    -2.58     8.27     0.94     0.51    -2.05    -0.57     6.84     2.21     8.04     5.94    -5.08    -1.65     8.42     0.29    -2.55     7.27     5.75    -4.61    -3.48    -3.92    -0.89    -3.54     2.89     2.92     5.15    -0.10    -3.64    -0.93    -3.36     1.84    -3.60    -3.90     6.31    -1.10 
    7.89     6.10     5.35     7.04    -0.90    -2.04     6.65    -2.99     2.18     1.21     5.90    -0.71     4.79     3.89     5.22    11.87    -2.92     3.82    -0.47    -4.90     4.81    -3.91     6.34     6.51     2.89    -2.68     3.38    -3.22     0.53    -3.12    -1.32     2.87    -5.91    -4.59     6.63    -2.68 
    0.00     0.00     0.00     0.00     0.00     0.00     0.00     0.00     0.00     0.00     0.00     0.00     0.00     0.00     0.00     0.00     0.00     0.00     0.00     0.00     0.00     0.00     0.00     0.00     0.00     0.00     0.00     0.00     0.00     0.00     0.00     0.00     0.00     0.00     0.00     0.00 
    0.00     0.00     0.00     0.00     0.00     0.00     0.00     0.00     0.00     0.00     0.00     0.00     0.00     0.00     0.00     0.00 
   -7.55    -1.17     3.36     4.22     0.35     9.56     7.03     4.45    -4.43    -6.28    -3.19   -11.43     6.02    -7.00     1.03     3.77     8.10     5.56     2.14    -0.24    -3.85     6.07     2.27     7.33     6.03     4.95     7.02     7.08     9.87     8.06    18.29    11.50    17.03    73.94   327.36   116.10 
    0.00     0.00     0.00     0.00     0.00     0.00     0.00     0.00     0.00     0.00     0.00     0.00     0.00     0.00     0.00     0.00 


RMS Noise Of Each Node:
    6.82     5.98     6.29     5.75     4.81     7.53     6.34     7.99     5.05     7.90     6.71     5.62     6.12     6.51     7.40     5.23     6.12     5.53     6.83     6.26     5.21     6.70     6.97     5.75     6.48     6.36     6.21     6.08     5.88     6.65     8.66     6.28     6.24     8.04    12.35     9.84 
    6.61     6.37     6.64     6.59     7.27     7.18     7.01     7.48     5.35     7.33     5.63     5.89     6.13     7.57     7.82     5.66     5.53     6.15     6.53     6.51     5.43     5.80     6.51     5.00     5.11     6.32     5.05     4.87     5.24     5.98     7.20     6.90     6.38     7.86     9.35     8.23 
    7.49    10.23     6.10     6.49     6.35     7.77     6.96     8.13     5.97     5.91     5.73     6.30     5.84     6.01     7.24     4.99     8.75     5.46     8.06     6.27     4.92     6.19     7.65     5.49     5.16     7.56     5.57     5.85     6.67     5.74     8.17     6.51     6.48     7.40    10.61     8.35 
    8.02     8.70     6.61     5.95     7.47     6.64     7.48     6.89     6.16     6.35     6.56     6.99     6.99     6.26     8.08     6.42     6.59     6.93     6.81     6.98     5.41     5.93     7.07     5.97     6.22     6.24    10.31     5.50     6.11     6.66     7.24     7.52     7.02     7.57    12.37     9.10 
    7.79     9.27     7.50     6.07     5.40     7.86     6.96     8.26     6.52     6.73     5.13     5.44     4.72     5.80     7.20     4.95     6.02     6.41     7.40     5.89     5.13     5.12     8.19     5.34     4.88     7.42     6.38     6.29     5.00     7.14     7.83     8.30     9.44     6.94    13.32     8.38 
    7.59     6.32     6.23     7.76     6.40     6.85     7.64     9.30     6.12     5.41     8.33     6.16     7.31     6.00     7.86     5.00     6.79     5.28     6.72     5.93     6.93     4.99     7.00     5.86     4.88     5.71     5.78     5.44     6.51     5.74     5.86     9.25     5.97     7.29    11.72    10.96 
    8.49     9.26     6.68     6.05     7.01     8.57     6.55     7.23     6.72     6.09     6.95     5.75     7.65     7.22     8.23     6.06     6.62     5.78     8.11     6.24     5.88     5.82     7.86     6.92     5.06     8.21     4.87     5.85     6.15     8.93     9.37     7.59     6.14     6.93    11.81    10.94 
    7.63     6.42     6.54     6.86     7.55     7.06     6.74     7.90     6.80     6.46     5.78     5.53     5.67     7.91     8.97     6.46     5.84     8.29     7.95     5.99     5.77     4.80     7.73     7.78     5.94     6.20    10.27     5.97     6.65     8.89     6.91     6.82     8.98    22.82    36.05    31.36 
    6.51     7.69     6.22     6.84     6.53     8.07     6.10     6.55     8.24     6.24     6.45     5.96     5.40     6.34     8.98     4.48     5.64     5.54     6.57     6.08     4.37     6.02     7.15     7.48     4.89     5.66     6.24     5.63     4.55     6.09     5.23     5.29     6.68    60.89    32.76    74.87 
    8.31     7.26     7.56     7.06     6.12     8.84     8.20     7.17     6.56     7.16     6.86     5.76     5.44     7.41     8.77     5.60     5.66     8.95     8.46     7.04     6.35     5.75     6.82     6.05     6.94     6.41     7.95     6.53     6.84     7.15     5.91     7.11     7.24    17.84    44.95    26.49 
    7.83     5.46     7.54     6.40     7.08     7.31     5.81     6.79     5.83     6.74     5.61     6.37     5.65     6.52     8.62     5.15     6.16     5.07     6.13     6.35     4.92     6.13     7.78     6.02     5.36     6.77     7.27     5.94     5.73     6.66     9.04     7.38     7.64     6.80    12.73     8.98 
    7.05     7.80     7.15     6.87     6.98     8.94     7.76     7.88     6.09     7.44     6.62     6.18     6.42     7.12     8.56     5.70     6.31     5.75     7.93     5.42     5.21     5.66     8.02     6.23     5.55     6.06     4.97     5.34     6.07     6.16     5.84     6.39     6.94     6.85    11.33     8.10 
    7.22     6.53     6.40     7.21     7.92     6.91     7.31     7.97     5.84     6.09     5.58     6.05     6.91     5.69     7.79     5.00     6.04     7.07     6.91     5.56     5.50     5.95     7.56     5.52     5.44     6.01     5.99     4.19     7.03     7.51     6.02     6.02     6.15     7.27    11.33    10.11 
    6.97     6.69     6.90     6.59     6.35     7.30     6.86     7.84     6.77     7.35     5.36     5.59     6.13     6.48     8.66     6.82     5.32     5.77     7.54     6.63     6.35     6.58     7.07     5.53     4.96     5.89     5.31     5.65     5.20     7.65     8.71     6.36     7.40     8.98    11.53     9.38 
    6.82     6.42     7.19     7.25     6.36     6.88     6.45     6.56     6.26     5.56     6.44     6.05     8.27     6.43     9.17     5.27     5.72     6.06     7.34     7.85     5.50     5.80     6.33     5.47     5.26     5.97     6.14     5.36     6.79     5.55     7.31     5.53     6.99     7.31    12.14     7.51 
    7.51     7.92     6.23     6.57     6.50     7.43     7.21     7.96     5.32     6.30     5.95     4.94     6.03     6.61     6.74     6.70     6.14     6.57     6.93     8.87     5.44     6.95     7.33     5.92     5.79     6.94     5.85     6.73     4.70     7.18     7.09     6.29    10.16     7.31    12.61     8.91 
    0.00     0.00     0.00     0.00     0.00     0.00     0.00     0.00     0.00     0.00     0.00     0.00     0.00     0.00     0.00     0.00     0.00     0.00     0.00     0.00     0.00     0.00     0.00     0.00     0.00     0.00     0.00     0.00     0.00     0.00     0.00     0.00     0.00     0.00     0.00     0.00 
    0.00     0.00     0.00     0.00     0.00     0.00     0.00     0.00     0.00     0.00     0.00     0.00     0.00     0.00     0.00     0.00 
    7.92     6.78     7.25     8.43     7.15     9.97     8.07     8.60     8.28     7.55     6.62     8.03    10.32     8.91     8.03     7.20     8.93     9.87     8.71     6.50     6.54     7.12     6.39     9.04     7.84     8.65     7.27     8.94     9.13     7.75     8.75     7.95     8.75    15.37    14.94    24.16 
    0.00     0.00     0.00     0.00     0.00     0.00     0.00     0.00     0.00     0.00     0.00     0.00     0.00     0.00     0.00     0.00 


SNR_RMS Of Each Node:
    1.09    -6.17   -23.71     0.23     0.00    -0.41   -10.29     1.86    -4.84     0.00     2.26     1.19    -7.50     0.00    -6.96    -6.28    -7.17    -3.35     0.00     0.00   -10.21   -20.53     0.00   -11.91     0.00     0.00     0.00     0.00     0.00     0.00     0.00   -15.54   -55.91     0.00    -3.89    -3.97 
    0.00   -10.50   -12.63     0.00     1.49    -8.73    -6.84   -33.39    -0.95     0.00     0.00    -0.45    -9.55     0.95   -11.02    -1.88    -2.41     0.00   -10.91    -0.70     0.00   -13.06    -5.88     0.00     0.00     0.00     0.00     0.00     0.00     0.00    -4.14     0.00    -6.85     0.00     0.00    -7.94 
    6.15     2.60    -2.12     5.71     0.00    -2.39    -8.22     0.33     0.00   -22.17   -15.33   -15.81    -7.66    -4.01    -0.62   -39.99     0.00   -22.28   -22.86    -1.31    -3.63     0.00     0.00   -22.12     0.00     0.00     0.00     0.00     0.00     0.00     0.00   -14.77   -24.86     0.00     0.00   -29.18 
   -1.86     3.67   -12.88   -13.22     0.00     0.00     0.00   -12.53    -1.51    -9.05     0.20     0.00     4.67    -2.75     0.00    -1.54     0.06     2.37    -8.09     2.24    -1.75   -19.47    -8.65     0.00     0.00     0.00     0.00     0.00     0.00     0.00     0.00     0.00     0.00     0.00     0.00     0.00 
    0.97     1.67     0.77    -3.41    -0.15   -12.15    -4.07     2.37    -8.98    -7.99     0.00     0.00     0.00    -8.69    -3.69    -2.14     2.78    -0.68     0.00     0.00   -27.77   -14.19     0.00    -0.88    -8.15     0.00    -3.29     0.00   -13.73     0.00     0.00     0.00     0.00    -9.19     0.00     0.00 
    0.00   -33.09     0.00    -0.50     0.00    -4.44    -5.49     2.85     0.24   -14.83     6.00    -6.58     2.96     0.00    -8.87   -21.31     2.25     1.06     0.00     0.00     1.84     0.00     0.00     0.00     0.00     0.00     0.00   -16.13     0.00     0.00     0.00     0.00    -8.60     0.00     0.00     0.00 
    1.03     2.98    -2.67    -3.95   -12.73    -0.30    -3.48    -4.51    -1.00     0.00     0.33    -8.15     0.00   -24.30   -13.40    -8.96     0.90     0.00    -9.02     0.00    -2.46     0.00   -10.45     0.00   -38.52     0.00   -21.50     0.00     0.00     0.00     0.00     0.00     0.00    -4.63   -29.41     0.00 
    5.30    -2.65     0.14     3.89    -2.72    -5.68     0.00     0.00     0.00     0.00    -6.27    -7.10     0.00     0.00    -2.33     0.00   -28.10     0.00    -6.67    -1.62     0.00     0.00    -8.36     0.00     0.00    -9.87     0.00     0.00     0.00     0.00     0.00     0.00     0.00     9.23    21.47     9.97 
  -12.07     0.00    -2.18    -9.93    -6.79    -5.72     0.24   -12.52     0.46   -22.85    -2.13     0.00   -31.12    -2.73     0.00   -14.96    -3.12   -16.92    -7.99   -10.10     0.00   -10.07     0.00     0.00    -8.07   -23.23     0.00     0.00   -43.61     0.00     0.00   -18.76   -24.46    13.09    29.75    15.84 
   -3.74    -4.62    -2.42   -21.00     0.00   -12.40     0.00   -13.94     0.00     0.00     0.00     0.00   -16.98   -12.15     0.00     0.00     0.00     0.00     0.00     0.00     0.00     0.00   -16.09    -6.79     0.00     0.00     0.00     0.00     0.00     0.00     0.00    -5.26    -4.67    10.08    17.31     7.89 
    4.96     0.00    -1.00    -8.97    -9.12     1.07    -4.63   -18.69    -5.11   -13.53     0.00     0.00    -6.16    -3.14    -4.89    -8.66    -1.50     0.00     0.00     0.00     1.48     0.00    -9.04     0.00     0.00    -2.97     0.00     0.00     0.00     0.00     0.00     0.00     0.00    -9.27    -7.46     0.00 
   -6.34    -1.06    -3.00     0.93   -15.22   -12.92     0.42   -26.57     0.00    -4.78     0.00   -15.16     0.00     0.00     0.00    -1.28     0.00   -15.73    -7.39     0.00   -24.51   -13.92     1.39     0.00    -6.79     0.00     0.00     0.00     0.00     0.00   -21.35    -4.12     0.00     0.00     0.00   -30.57 
   -7.02    -3.21   -17.64     1.62     1.93     0.00    -7.76     0.00     0.00   -10.58   -25.39   -11.50    -6.77    -0.43    -8.34   -12.54    -3.37    -0.25   -11.16    -1.26   -11.35    -6.58     0.00    -5.89    -3.57     0.00     0.00     0.00     0.00     0.00     0.00     0.00     0.00     0.00     0.00     0.00 
   -1.83     0.00    -1.80     1.16     0.00     0.00    -1.33    -9.65    -0.55    -4.66    -2.72    -2.55     0.00     0.32    -4.19     2.19    -3.68   -12.68     0.00    -7.27     1.59     0.00     0.00     0.00     0.00    -9.33     0.00   -19.78     0.00     0.00     0.00     0.00   -11.67     0.00   -29.42   -17.51 
   -5.36    -3.54     0.00     1.15   -16.61   -22.60     0.00     0.00     0.78    -8.02     1.93    -0.16     0.00     0.00    -0.74   -25.19     0.00     1.58    -2.12     0.00     0.00     0.00     0.00     0.00    -5.21    -6.21    -1.52     0.00     0.00     0.00     0.00    -9.55     0.00     0.00    -5.68     0.00 
    0.43    -2.27    -1.32     0.60     0.00     0.00    -0.70     0.00    -7.74   -14.33    -0.07     0.00    -2.00    -4.60    -2.22     4.96     0.00    -4.71     0.00     0.00    -1.07     0.00    -1.26     0.82    -6.03     0.00    -4.76     0.00   -18.95     0.00     0.00    -6.82     0.00     0.00    -5.58     0.00 
    0.00     0.00     0.00     0.00     0.00     0.00     0.00     0.00     0.00     0.00     0.00     0.00     0.00     0.00     0.00     0.00     0.00     0.00     0.00     0.00     0.00     0.00     0.00     0.00     0.00     0.00     0.00     0.00     0.00     0.00     0.00     0.00     0.00     0.00     0.00     0.00 
    0.00     0.00     0.00     0.00     0.00     0.00     0.00     0.00     0.00     0.00     0.00     0.00     0.00     0.00     0.00     0.00 
    0.00     0.00    -6.68    -6.01   -26.21    -0.36    -1.20    -5.72     0.00     0.00     0.00     0.00    -4.68     0.00   -17.84    -5.62    -0.85    -4.98   -12.19     0.00     0.00    -1.39    -8.99    -1.82    -2.28    -4.85    -0.30    -2.03     0.68     0.34     6.41     3.21     5.78    13.64    26.82    13.64 
    0.00     0.00     0.00     0.00     0.00     0.00     0.00     0.00     0.00     0.00     0.00     0.00     0.00     0.00     0.00     0.00 


