**************************************************SNR RMS Data*******************************************
TxNum:16
RxNum:36


SNRRMSAvgMcap:1040.25
SNRRMSSqrtMcap:20.74
SNRRMSMcap:34.01
Noise Max Data(Mcap):
    1064     1014     1078     1041     1050     1070     1060     1047     1054     1039     1064     1035     1028     1049     1065     1023     1055     1045     1047     1076     1067     1023     1060     1056     1045     1035     1057     1076     1060     1061     1077     1059     1029     1049     1041     1055     1059     1064     1065     1042     1034     1029     1043     1039     1017     1053     1051     1055     1057     1049     1037     1038     1035     1016     1033     1016     1087     1067     1041     1031     1060     1087     1056     1043     1037     1008     1046     1016      998      974     1041     1029     1024     1040     1040     1023     1035     1020     1020     1029     1010     1035     1024     1041     1025     1020     1005     1007     1031     1038     1037     1036     1046     1047     1021     1041     1009     1006     1005     1003 

Noise Max Data(Scap WaterOnRx):
SNRRMSAvgScapWaterOnRx:0.00
SNRRMSSqrtScapWaterOnRx:0.00
SNRRMSScapWaterOnRx:0.00
       0        0        0        0        0        0        0        0        0        0        0        0        0        0        0        0        0        0        0        0        0        0        0        0        0        0        0        0        0        0        0        0        0        0        0        0        0        0        0        0        0        0        0        0        0        0        0        0        0        0        0        0        0        0        0        0        0        0        0        0        0        0        0        0        0        0        0        0        0        0        0        0        0        0        0        0        0        0        0        0        0        0        0        0        0        0        0        0        0        0        0        0        0        0        0        0        0        0        0        0 

Noise Max Data(Scap WaterOnTx):
SNRRMSAvgScapWaterOnTx:0.00
SNRRMSSqrtScapWaterOnTx:0.00
SNRRMSScapWaterOnTx:0.00
       0        0        0        0        0        0        0        0        0        0        0        0        0        0        0        0        0        0        0        0        0        0        0        0        0        0        0        0        0        0        0        0        0        0        0        0        0        0        0        0        0        0        0        0        0        0        0        0        0        0        0        0        0        0        0        0        0        0        0        0        0        0        0        0        0        0        0        0        0        0        0        0        0        0        0        0        0        0        0        0        0        0        0        0        0        0        0        0        0        0        0        0        0        0        0        0        0        0        0        0 

Noise Max Data(Scap OtherModeRx):
SNRRMSAvgScapOtherModeRx:317.82
SNRRMSSqrtScapOtherModeRx:12.70
SNRRMSScapOtherModeRx:27.97
     322      335      315      303      300      329      320      329      325      319      318      348      322      326      336      304      335      314      312      304      343      319      308      321      314      333      324      338      316      337      328      313      311      307      331      338      332      326      321      330      325      316      327      322      318      318      323      323      314      329      321      331      277      300      335      317      310      329      313      314      326      329      329      332      318      310      320      315      307      301      336      337      316      310      318      316      295      326      314      302      308      324      317      284      301      299      302      308      306      316      324      317      317      309      300      300      322      309      302      292 

Noise Max Data(Scap OtherModeTx):
SNRRMSAvgScapOtherModeTx:0.00
SNRRMSSqrtScapOtherModeTx:0.00
SNRRMSScapOtherModeTx:0.00
       0        0        0        0        0        0        0        0        0        0        0        0        0        0        0        0        0        0        0        0        0        0        0        0        0        0        0        0        0        0        0        0        0        0        0        0        0        0        0        0        0        0        0        0        0        0        0        0        0        0        0        0        0        0        0        0        0        0        0        0        0        0        0        0        0        0        0        0        0        0        0        0        0        0        0        0        0        0        0        0        0        0        0        0        0        0        0        0        0        0        0        0        0        0        0        0        0        0        0        0 


