**************************************************P2P_Noise SNR Of Each Node*******************************************
TxNum:16
RxNum:36


Signal Of Each Node:
   -5.65     5.66    -3.10    -0.03    -2.39     3.27    -0.82    -4.03    -2.86    -1.58     4.77     2.53    -0.65    -8.96     2.13     2.85     7.75     6.55     6.30    -0.94     1.06    -1.15     1.65    -0.34    -3.06    -1.99    -3.43     1.90     2.15     3.09    -0.85    -0.99    -3.10    -0.30    -0.50     2.47 
   -5.13     2.36     2.07    -0.28     3.05    -2.21     4.71     3.22     3.31     2.65     0.56    -0.33     2.10    -4.63     2.81     7.44    -0.44     0.33     4.76     2.18     1.63     2.05     4.84    -0.71    -0.88    -1.02    -2.41    -0.71    -1.36    -1.21    -0.15    -2.29    -2.12    -2.16    -3.56     8.30 
   -1.83    -0.48    -1.75    -4.26     2.15     0.36    -3.37     2.72    -4.02     8.15     2.16     2.60     1.80    -2.48    -7.37    -5.55     3.42     3.07   -12.94    -1.15    -0.92    -5.23    -6.18     1.81    -0.99     0.61    -0.75     0.22     3.43    -1.26     2.40     1.87    -5.29     3.94     4.28    -2.42 
   -0.86     5.15    -4.41     1.62    -1.88    -4.86     7.18     3.25     5.19     3.48     6.01    -3.44    -2.69    -0.94     5.62    -2.03     2.21    -4.03    -3.43     2.30    -0.64     8.53    -3.10     1.08    -2.55     4.83    -1.64    -0.40    -5.12     0.18    -2.44     2.23    -3.30    -0.02     5.37     0.97 
   -2.10    -5.62    -2.97     7.19    -2.56    -0.13     1.73     6.95    -0.36     3.37    -1.72     5.02    -3.23     0.10    -0.33     2.02    -7.71    -3.28    -3.12     2.44    -1.98    -1.21    -7.04     1.07    -1.82     0.34    -4.57    -3.39    -0.62     4.71    -2.46    -2.04     1.12    -4.15     1.32    -2.38 
   -6.87    -0.23    -1.05    -1.12     0.52    -0.38     3.97    -3.18    -3.30     2.75     7.13     9.88     0.00     8.02     2.04    -6.24     0.30    -1.67     1.98    -1.85     0.06     5.73    -0.81    -3.73    -0.58    -2.48     2.34     0.06     1.37    -3.80    -3.88     3.07    -2.23    -3.29     1.91    -0.24 
    0.37    -0.86    -1.42     2.52    -2.64     2.51    -2.24     3.88    -3.23    -0.84    -6.73    -5.58     1.32     1.16     1.53    -5.94    -0.62    -1.85     2.12    -1.08    -2.60    -7.76     7.42    -7.16    -8.73    -1.48    -8.21     0.68     0.86     2.97     1.43     2.50    -0.45    -1.50     6.28     0.61 
    3.40     4.28    -0.17    -5.65     7.04     5.29     0.97     2.20     1.76     2.74    -3.07    -2.62    -0.61    -4.60    -0.98    -5.95     1.60     2.74    -3.12    -1.76    -1.87     5.98    -5.61     1.29    -6.17    -4.69    -1.73    -1.11    -2.02    -1.91    -3.08     0.84     3.96     4.02     1.68     3.14 
    4.86     5.97    -3.97    -1.15    10.23     5.28    -2.59    -6.24     5.75    -1.38    -3.92    -1.41    -1.88     0.59    15.32    -2.53    -5.00    -2.76    -3.33     6.07     3.97    -1.73    -4.98     2.55    -2.28    -3.51     6.17     3.70    -3.65     3.07    -2.62     5.12     1.29     5.53    10.97     2.66 
    1.92     2.88     3.13    -1.95    -0.46     2.48     5.35     2.57     5.67    -2.64    -4.85    -1.92    -0.90     0.70     2.89     2.51    -1.71     3.28    -2.23     1.19     0.86    -3.54    -2.61    -1.60    -1.24     1.59    -1.76    -0.44    -0.78    -1.90    -0.98    -3.60    -0.07     1.50    -4.05     6.78 
   -1.31     2.11     8.25     4.05     7.23    -5.52     7.94     4.27    -1.19    -1.49     8.07    -8.80     4.73    -0.97    -1.91    -3.43    -0.24     0.50    -0.03    -0.95    -0.80     1.56     2.20    -1.00    -1.30    -2.04    -4.40    -1.67    -0.73    -1.74     0.95     1.77    -5.59     0.79     3.54     5.14 
    7.09     0.44     1.21    -2.61     0.03     2.41    -2.57    -1.09     3.91     3.19    -4.95     5.97     0.80     1.68     2.30     0.01    -0.20     4.95    -1.06    -3.90     4.16    -3.04    11.05    -6.25     5.51     1.23     0.42    -5.61    -2.13    -0.18    -2.89    -1.85    -4.02     3.83     1.66     3.61 
    6.51     1.38     0.60    -1.00     1.75     6.02     4.67    -2.50    -0.88     2.83     8.63     1.52     0.17    -2.65     0.91    -1.03     2.86    -1.65     7.26    -2.93     0.69     0.73    -1.66     0.49     1.29    -3.31     1.99    -2.78    -1.25    -1.53    -5.22    -2.51    -4.91     0.59    -0.23     0.06 
    4.87     1.29     0.73    -0.09     2.82    -2.48     4.11     0.01     1.10     3.28     0.56    -6.02    -0.81    -6.87    -0.02    -5.08    -0.90    -3.68     1.35    -1.93     1.11    -2.03     3.55     6.36    -0.22     4.90     0.28    -2.58     0.71    -5.94    -4.58    -4.15     0.57    20.01   279.90    33.09 
   -6.86     4.14     4.10    -0.36     4.20     1.85    -0.84    -5.11    -0.64     3.01    -4.77     0.38    -5.49     0.66     0.23     0.44     5.27    -2.06     3.81    -4.45     3.34     4.06    -2.29    -2.62     3.63    -3.15    -2.18     0.49    -0.78     0.52    -1.89    -2.20    -0.90   344.76  1040.25   369.33 
   -3.75    -3.35    -2.86    -2.67     1.76     0.98    -0.81    -1.97    -4.59    -4.22    -0.20     1.67    -3.40    -9.48    -1.91    -4.77    -1.63     1.38     6.25    -0.84    -0.45     2.28    -1.52    -0.16    -4.13     0.33    -6.28    -1.76    -2.70    -2.49     0.18    -1.36    -4.24    66.10   378.72    78.73 
    0.00     0.00     0.00     0.00     0.00     0.00     0.00     0.00     0.00     0.00     0.00     0.00     0.00     0.00     0.00     0.00     0.00     0.00     0.00     0.00     0.00     0.00     0.00     0.00     0.00     0.00     0.00     0.00     0.00     0.00     0.00     0.00     0.00     0.00     0.00     0.00 
    0.00     0.00     0.00     0.00     0.00     0.00     0.00     0.00     0.00     0.00     0.00     0.00     0.00     0.00     0.00     0.00 
   -3.63    -1.30     0.85     7.56     4.09    -3.97    10.07   -10.60    -9.56    -2.23    -7.40    -1.90    -1.89    -4.25     3.18     0.88     2.81     2.55     8.70     2.22     6.09     4.31     3.32    -0.44     7.89     7.89     5.28     9.10     1.84     4.75    17.12     3.69    11.52    90.72   317.82    86.21 
    0.00     0.00     0.00     0.00     0.00     0.00     0.00     0.00     0.00     0.00     0.00     0.00     0.00     0.00     0.00     0.00 


P2P Noise Of Each Node:
      39       33       36       31       34       43       35       41       33       35       33       33       33       41       36       25       40       30       50       28       35       28       33       25       28       30       30       23       27       28       29       28       27       37       77       45 
      38       27       34       37       36       35       34       32       27       36       28       29       49       31       42       29       24       27       53       34       22       25       45       35       31       28       28       26       23       29       30       35       32       39       82       46 
      35       54       40       32       37       38       37       38       33       38       28       31       30       38       48       29       31       29       50       34       31       30       36       29       25       34       30       24       28       35       38       28       42       29       64       38 
      34       38       27       31       26       44       39       38       29       37       46       30       30       34       46       30       26       36       35       31       25       39       44       27       34       29       27       22       32       29       34       26       31       25       69       41 
      42       38       28       36       38       33       38       45       28       40       32       29       26       29       36       26       32       33       41       31       32       30       37       33       26       20       32       30       24       41       35       28       34       36       89       35 
      48       40       32       26       32       37       36       35       34       38       30       38       29       33       45       33       38       33       35       33       25       31       40       29       28       27       30       25       21       27       34       36       27       39       70       39 
      39       30       26       25       37       42       35       37       29       38       32       31       29       27       43       31       29       28       43       43       29       31       40       31       34       27       28       28       27       32       31       28       35       30       64       37 
      41       37       39       30       34       44       31       38       35       40       33       35       30       33       47       30       26       30       37       28       24       31       45       26       36       33       33       28       24       32       32       27       30       37       65       39 
      36       30       38       28       33       35       36       36       26       34       37       29       34       28       40       31       29       34       34       29       21       25       42       28       25       34       28       29       35       32       40       30       40       44       63       32 
      36       36       36       31       37       36       42       36       24       31       28       28       29       31       43       25       28       37       44       27       27       33       42       32       27       29       28       27       27       28       26       29       34       28       54       42 
      38       33       35       34       41       42       39       32       34       30       33       35       35       31       40       31       28       24       35       24       35       29       47       27       24       31       28       25       23       26       30       25       44       36       53       36 
      38       35       28       30       29       37       30       40       32       28       30       38       25       34       44       35       25       36       38       23       29       23       43       41       30       30       22       39       26       34       32       29       46       38       87       34 
      42       38       30       33       34       35       32       36       35       35       33       39       31       34       44       23       30       30       45       38       37       33       41       24       29       32       24       32       24       38       42       27       40       32       78       43 
      33       36       36       41       38       45       33       39       26       32       29       36       29       35       55       34       26       33       29       40       33       30       42       33       24       36       27       35       22       43       36       43       35       70      153       69 
      36       32       39       42       38       35       35       41       33       32       30       27       34       30       54       26       33       28       41       34       24       31       37       33       26       34       22       36       28       27       25       27       39      197      113      171 
      33       51       36       34       32       43       34       37       30       33       42       30       29       46       41       28       32       30       46       33       29       34       33       26       32       32       37       31       26       38       27       24       32       82      120      107 
       0        0        0        0        0        0        0        0        0        0        0        0        0        0        0        0        0        0        0        0        0        0        0        0        0        0        0        0        0        0        0        0        0        0        0        0 
       0        0        0        0        0        0        0        0        0        0        0        0        0        0        0        0 
      33       33       32       49       44       46       39       36       46       47       34       42       63       39       39       33       40       45       41       37       39       42       38       39       41       42       48       50       39       36       52       46       46       77       71       77 
       0        0        0        0        0        0        0        0        0        0        0        0        0        0        0        0 


SNR_P2P Of Each Node:
    0.00   -15.31     0.00     0.00     0.00   -22.38     0.00     0.00     0.00     0.00   -16.80   -22.31     0.00     0.00   -24.56   -18.86   -14.26   -13.22   -17.99     0.00   -30.38     0.00   -26.02     0.00     0.00     0.00     0.00   -21.66   -21.98   -19.14     0.00     0.00     0.00     0.00     0.00   -25.21 
    0.00   -21.17   -24.31     0.00   -21.44     0.00   -17.17   -19.95   -18.23   -22.66   -33.98     0.00   -27.36     0.00   -23.49   -11.82     0.00   -38.26   -20.93   -23.86   -22.60   -21.72   -19.37     0.00     0.00     0.00     0.00     0.00     0.00     0.00     0.00     0.00     0.00     0.00     0.00   -14.87 
    0.00     0.00     0.00     0.00   -24.72   -40.47     0.00   -22.90     0.00   -13.37   -22.25   -21.53   -24.44     0.00     0.00     0.00   -19.15   -19.51     0.00     0.00     0.00     0.00     0.00   -24.09     0.00   -34.92     0.00   -40.76   -18.24     0.00   -23.99   -23.51     0.00   -17.34   -23.49     0.00 
    0.00   -17.36     0.00   -25.64     0.00     0.00   -14.70   -21.36   -14.94   -20.53   -17.68     0.00     0.00     0.00   -18.26     0.00   -21.41     0.00     0.00   -22.59     0.00   -13.20     0.00   -27.96     0.00   -15.57     0.00     0.00     0.00   -44.14     0.00   -21.33     0.00     0.00   -22.18   -32.52 
    0.00     0.00     0.00   -13.99     0.00     0.00   -26.83   -16.22     0.00   -21.49     0.00   -15.23     0.00   -49.25     0.00   -22.19     0.00     0.00     0.00   -22.08     0.00     0.00     0.00   -29.78     0.00   -35.39     0.00     0.00     0.00   -18.80     0.00     0.00   -29.65     0.00   -36.58     0.00 
    0.00     0.00     0.00     0.00   -35.78     0.00   -19.15     0.00     0.00   -22.81   -12.48   -11.70     0.00   -12.29   -26.87     0.00   -42.05     0.00   -24.95     0.00   -52.40   -14.66     0.00     0.00     0.00     0.00   -22.16   -52.40   -23.71     0.00     0.00   -21.38     0.00     0.00   -31.28     0.00 
  -40.46     0.00     0.00   -19.93     0.00   -24.47     0.00   -19.59     0.00     0.00     0.00     0.00   -26.84   -27.34   -28.98     0.00     0.00     0.00   -26.14     0.00     0.00     0.00   -14.63     0.00     0.00     0.00     0.00   -32.29   -29.94   -20.65   -26.72   -20.98     0.00     0.00   -20.16   -35.66 
  -21.63   -18.74     0.00     0.00   -13.68   -18.40   -30.09   -24.75   -25.97   -23.29     0.00     0.00     0.00     0.00     0.00     0.00   -24.22   -20.79     0.00     0.00     0.00   -14.29     0.00   -26.09     0.00     0.00     0.00     0.00     0.00     0.00     0.00   -30.14   -17.59   -19.28   -31.75   -21.88 
  -17.39   -14.02     0.00     0.00   -10.17   -16.43     0.00     0.00   -13.11     0.00     0.00     0.00     0.00   -33.53    -8.34     0.00     0.00     0.00     0.00   -13.58   -14.47     0.00     0.00   -20.81     0.00     0.00   -13.14   -17.88     0.00   -20.36     0.00   -15.36   -29.83   -18.01   -15.18   -21.61 
  -25.46   -21.94   -21.22     0.00     0.00   -23.24   -17.90   -22.93   -12.53     0.00     0.00     0.00     0.00   -32.93   -23.45   -19.97     0.00   -21.05     0.00   -27.12   -29.94     0.00     0.00     0.00     0.00   -25.22     0.00     0.00     0.00     0.00     0.00     0.00     0.00   -25.42     0.00   -15.84 
    0.00   -23.88   -12.55   -18.48   -15.07     0.00   -13.82   -17.49     0.00     0.00   -12.23     0.00   -17.38     0.00     0.00     0.00     0.00   -33.62     0.00     0.00     0.00   -25.39   -26.59     0.00     0.00     0.00     0.00     0.00     0.00     0.00   -29.99   -23.00     0.00   -33.17   -23.51   -16.91 
  -14.58   -38.01   -27.29     0.00   -59.71   -23.72     0.00     0.00   -18.26   -18.87     0.00   -16.08   -29.90   -26.12   -25.63   -70.88     0.00   -17.23     0.00     0.00   -16.87     0.00   -11.80     0.00   -14.72   -27.74   -34.38     0.00     0.00     0.00     0.00     0.00     0.00   -19.93   -34.39   -19.48 
  -16.19   -28.80   -33.98     0.00   -25.77   -15.29   -16.72     0.00     0.00   -21.85   -11.65   -28.18   -45.22     0.00   -33.69     0.00   -20.42     0.00   -15.85     0.00   -34.59   -33.10     0.00   -33.80   -27.04     0.00   -21.63     0.00     0.00     0.00     0.00     0.00     0.00   -34.69     0.00   -57.11 
  -16.62   -28.91   -33.86     0.00   -22.59     0.00   -18.09   -71.82   -27.47   -19.79   -34.28     0.00     0.00     0.00     0.00     0.00     0.00     0.00   -26.64     0.00   -29.46     0.00   -21.46   -14.30     0.00   -17.32   -39.68     0.00   -29.82     0.00     0.00     0.00   -35.76   -10.88     5.25    -6.38 
    0.00   -17.76   -19.57     0.00   -19.13   -25.54     0.00     0.00     0.00   -20.53     0.00   -37.03     0.00   -33.15   -47.41   -35.43   -15.93     0.00   -20.64     0.00   -17.13   -17.66     0.00     0.00   -17.10     0.00     0.00   -37.32     0.00   -34.31     0.00     0.00     0.00     4.86    19.28     6.69 
    0.00     0.00     0.00     0.00   -25.19   -32.84     0.00     0.00     0.00     0.00     0.00   -25.09     0.00     0.00     0.00     0.00     0.00   -26.74   -17.34     0.00     0.00   -23.47     0.00     0.00     0.00   -39.73     0.00     0.00     0.00     0.00   -43.52     0.00     0.00    -1.87     9.98    -2.66 
    0.00     0.00     0.00     0.00     0.00     0.00     0.00     0.00     0.00     0.00     0.00     0.00     0.00     0.00     0.00     0.00     0.00     0.00     0.00     0.00     0.00     0.00     0.00     0.00     0.00     0.00     0.00     0.00     0.00     0.00     0.00     0.00     0.00     0.00     0.00     0.00 
    0.00     0.00     0.00     0.00     0.00     0.00     0.00     0.00     0.00     0.00     0.00     0.00     0.00     0.00     0.00     0.00 
    0.00     0.00   -31.51   -16.23   -20.63     0.00   -11.76     0.00     0.00     0.00     0.00     0.00     0.00     0.00   -21.77   -31.48   -23.07   -24.93   -13.47   -24.44   -16.13   -19.78   -21.17     0.00   -14.31   -14.52   -19.17   -14.80   -26.52   -17.59    -9.65   -21.91   -12.03     1.42    13.02     0.98 
    0.00     0.00     0.00     0.00     0.00     0.00     0.00     0.00     0.00     0.00     0.00     0.00     0.00     0.00     0.00     0.00 


