**************************************************RMS Noise SNR Each Node*******************************************
TxNum:16
RxNum:36


Signal Of Each Node:
   -5.65     5.66    -3.10    -0.03    -2.39     3.27    -0.82    -4.03    -2.86    -1.58     4.77     2.53    -0.65    -8.96     2.13     2.85     7.75     6.55     6.30    -0.94     1.06    -1.15     1.65    -0.34    -3.06    -1.99    -3.43     1.90     2.15     3.09    -0.85    -0.99    -3.10    -0.30    -0.50     2.47 
   -5.13     2.36     2.07    -0.28     3.05    -2.21     4.71     3.22     3.31     2.65     0.56    -0.33     2.10    -4.63     2.81     7.44    -0.44     0.33     4.76     2.18     1.63     2.05     4.84    -0.71    -0.88    -1.02    -2.41    -0.71    -1.36    -1.21    -0.15    -2.29    -2.12    -2.16    -3.56     8.30 
   -1.83    -0.48    -1.75    -4.26     2.15     0.36    -3.37     2.72    -4.02     8.15     2.16     2.60     1.80    -2.48    -7.37    -5.55     3.42     3.07   -12.94    -1.15    -0.92    -5.23    -6.18     1.81    -0.99     0.61    -0.75     0.22     3.43    -1.26     2.40     1.87    -5.29     3.94     4.28    -2.42 
   -0.86     5.15    -4.41     1.62    -1.88    -4.86     7.18     3.25     5.19     3.48     6.01    -3.44    -2.69    -0.94     5.62    -2.03     2.21    -4.03    -3.43     2.30    -0.64     8.53    -3.10     1.08    -2.55     4.83    -1.64    -0.40    -5.12     0.18    -2.44     2.23    -3.30    -0.02     5.37     0.97 
   -2.10    -5.62    -2.97     7.19    -2.56    -0.13     1.73     6.95    -0.36     3.37    -1.72     5.02    -3.23     0.10    -0.33     2.02    -7.71    -3.28    -3.12     2.44    -1.98    -1.21    -7.04     1.07    -1.82     0.34    -4.57    -3.39    -0.62     4.71    -2.46    -2.04     1.12    -4.15     1.32    -2.38 
   -6.87    -0.23    -1.05    -1.12     0.52    -0.38     3.97    -3.18    -3.30     2.75     7.13     9.88     0.00     8.02     2.04    -6.24     0.30    -1.67     1.98    -1.85     0.06     5.73    -0.81    -3.73    -0.58    -2.48     2.34     0.06     1.37    -3.80    -3.88     3.07    -2.23    -3.29     1.91    -0.24 
    0.37    -0.86    -1.42     2.52    -2.64     2.51    -2.24     3.88    -3.23    -0.84    -6.73    -5.58     1.32     1.16     1.53    -5.94    -0.62    -1.85     2.12    -1.08    -2.60    -7.76     7.42    -7.16    -8.73    -1.48    -8.21     0.68     0.86     2.97     1.43     2.50    -0.45    -1.50     6.28     0.61 
    3.40     4.28    -0.17    -5.65     7.04     5.29     0.97     2.20     1.76     2.74    -3.07    -2.62    -0.61    -4.60    -0.98    -5.95     1.60     2.74    -3.12    -1.76    -1.87     5.98    -5.61     1.29    -6.17    -4.69    -1.73    -1.11    -2.02    -1.91    -3.08     0.84     3.96     4.02     1.68     3.14 
    4.86     5.97    -3.97    -1.15    10.23     5.28    -2.59    -6.24     5.75    -1.38    -3.92    -1.41    -1.88     0.59    15.32    -2.53    -5.00    -2.76    -3.33     6.07     3.97    -1.73    -4.98     2.55    -2.28    -3.51     6.17     3.70    -3.65     3.07    -2.62     5.12     1.29     5.53    10.97     2.66 
    1.92     2.88     3.13    -1.95    -0.46     2.48     5.35     2.57     5.67    -2.64    -4.85    -1.92    -0.90     0.70     2.89     2.51    -1.71     3.28    -2.23     1.19     0.86    -3.54    -2.61    -1.60    -1.24     1.59    -1.76    -0.44    -0.78    -1.90    -0.98    -3.60    -0.07     1.50    -4.05     6.78 
   -1.31     2.11     8.25     4.05     7.23    -5.52     7.94     4.27    -1.19    -1.49     8.07    -8.80     4.73    -0.97    -1.91    -3.43    -0.24     0.50    -0.03    -0.95    -0.80     1.56     2.20    -1.00    -1.30    -2.04    -4.40    -1.67    -0.73    -1.74     0.95     1.77    -5.59     0.79     3.54     5.14 
    7.09     0.44     1.21    -2.61     0.03     2.41    -2.57    -1.09     3.91     3.19    -4.95     5.97     0.80     1.68     2.30     0.01    -0.20     4.95    -1.06    -3.90     4.16    -3.04    11.05    -6.25     5.51     1.23     0.42    -5.61    -2.13    -0.18    -2.89    -1.85    -4.02     3.83     1.66     3.61 
    6.51     1.38     0.60    -1.00     1.75     6.02     4.67    -2.50    -0.88     2.83     8.63     1.52     0.17    -2.65     0.91    -1.03     2.86    -1.65     7.26    -2.93     0.69     0.73    -1.66     0.49     1.29    -3.31     1.99    -2.78    -1.25    -1.53    -5.22    -2.51    -4.91     0.59    -0.23     0.06 
    4.87     1.29     0.73    -0.09     2.82    -2.48     4.11     0.01     1.10     3.28     0.56    -6.02    -0.81    -6.87    -0.02    -5.08    -0.90    -3.68     1.35    -1.93     1.11    -2.03     3.55     6.36    -0.22     4.90     0.28    -2.58     0.71    -5.94    -4.58    -4.15     0.57    20.01   279.90    33.09 
   -6.86     4.14     4.10    -0.36     4.20     1.85    -0.84    -5.11    -0.64     3.01    -4.77     0.38    -5.49     0.66     0.23     0.44     5.27    -2.06     3.81    -4.45     3.34     4.06    -2.29    -2.62     3.63    -3.15    -2.18     0.49    -0.78     0.52    -1.89    -2.20    -0.90   344.76  1040.25   369.33 
   -3.75    -3.35    -2.86    -2.67     1.76     0.98    -0.81    -1.97    -4.59    -4.22    -0.20     1.67    -3.40    -9.48    -1.91    -4.77    -1.63     1.38     6.25    -0.84    -0.45     2.28    -1.52    -0.16    -4.13     0.33    -6.28    -1.76    -2.70    -2.49     0.18    -1.36    -4.24    66.10   378.72    78.73 
    0.00     0.00     0.00     0.00     0.00     0.00     0.00     0.00     0.00     0.00     0.00     0.00     0.00     0.00     0.00     0.00     0.00     0.00     0.00     0.00     0.00     0.00     0.00     0.00     0.00     0.00     0.00     0.00     0.00     0.00     0.00     0.00     0.00     0.00     0.00     0.00 
    0.00     0.00     0.00     0.00     0.00     0.00     0.00     0.00     0.00     0.00     0.00     0.00     0.00     0.00     0.00     0.00 
   -3.63    -1.30     0.85     7.56     4.09    -3.97    10.07   -10.60    -9.56    -2.23    -7.40    -1.90    -1.89    -4.25     3.18     0.88     2.81     2.55     8.70     2.22     6.09     4.31     3.32    -0.44     7.89     7.89     5.28     9.10     1.84     4.75    17.12     3.69    11.52    90.72   317.82    86.21 
    0.00     0.00     0.00     0.00     0.00     0.00     0.00     0.00     0.00     0.00     0.00     0.00     0.00     0.00     0.00     0.00 


RMS Noise Of Each Node:
    8.60     7.77     6.99     5.32     6.17     8.07     7.21     7.69     6.43     5.46     6.39     6.38     5.36     8.12     7.61     5.24     7.72     6.48     7.94     5.80     5.83     5.45     6.38     5.87     5.68     6.10     5.66     4.44     5.57     6.03     5.81     5.31     6.16     6.34    11.31     7.52 
    8.17     6.08     6.47     6.48     6.57     6.72     6.90     6.41     5.67     6.95     5.48     6.17     6.69     6.43     8.71     6.80     5.03     5.52     8.95     6.45     4.81     5.42     8.02     4.93     5.46     5.39     5.11     5.17     4.95     5.83     5.67     6.31     5.69     7.92    12.02     8.91 
    7.39    10.68     7.17     6.31     6.79     6.61     6.46     7.70     6.64    10.22     5.54     6.64     6.31     6.91     9.84     6.10     5.50     7.04     9.62     6.14     5.29     6.42     7.71     5.97     5.04     6.42     4.90     5.09     5.75     5.38     7.05     5.76     7.10     6.46    10.93     7.26 
    6.56     7.74     6.23     5.45     5.50     8.32     8.25     7.46     6.50     6.78     6.59     5.95     6.09     5.49     8.78     6.15     5.30     6.27     6.83     6.24     5.50     8.55     7.18     4.85     6.17     6.04     4.78     4.54     6.99     5.60     6.24     5.38     6.51     5.61    11.08     6.97 
    7.38     9.45     5.86     7.49     5.80     6.18     7.58     8.79     4.63     6.59     5.97     6.64     5.89     6.47     7.66     5.13     6.88     6.12     7.93     6.50     5.00     5.39     7.70     5.64     5.10     4.81     7.02     5.20     4.98     7.62     6.02     5.47     6.66     7.12    12.86     6.79 
    8.70     7.31     6.82     6.01     5.10     7.14     7.41     6.79     6.08     6.84     6.81     8.94     5.11     7.94     8.80     5.76     6.63     6.27     7.35     5.95     4.93     7.31     6.91     6.11     5.40     5.79     5.61     4.97     5.42     6.14     6.98     5.35     5.37     7.14    12.24     7.13 
    7.25     6.58     6.44     5.87     7.14     7.27     6.68     7.21     5.22     7.16     6.60     6.26     5.90     5.32     7.93     6.59     4.96     5.79     8.04     6.35     5.40     6.95     8.78     6.34     7.15     5.27     6.09     5.35     4.92     5.71     6.09     5.50     6.46     6.63    10.47     6.38 
    7.10     7.27     7.39     6.81     7.26     9.03     5.83     6.72     6.24     6.87     6.03     5.88     5.48     6.96     8.41     6.11     5.67     5.74     6.87     5.88     5.58     7.22     8.29     5.44     7.08     6.70     5.21     5.25     4.47     6.36     6.16     5.64     6.52     7.65    11.29     7.73 
    6.81     6.53     7.07     6.09     7.42     7.32     6.83     7.95     5.83     7.06     6.52     6.06     6.69     5.73     8.75     5.55     6.33     6.20     7.49     6.40     4.87     5.95     8.06     5.56     5.10     6.77     5.69     5.96     6.19     5.97     6.98     5.93     6.76     8.36    11.63     7.19 
    6.38     6.47     7.22     6.54     7.02     6.76     7.40     7.49     5.98     6.51     5.68     5.68     5.57     6.14     7.99     5.65     5.20     6.09     7.63     5.54     5.44     5.96     7.52     5.70     4.44     5.44     5.90     5.23     4.77     5.62     5.39     5.32     5.86     5.89    10.82     8.52 
    7.17     5.98     7.01     5.98     8.36     8.26     7.72     7.00     6.52     6.55     6.21     7.61     7.43     6.50     7.88     5.18     5.24     5.31     7.23     5.19     5.34     6.23     7.66     5.03     5.19     5.91     6.35     4.82     4.40     5.81     5.63     5.60     7.62     6.53    10.39     8.12 
    8.14     6.10     6.31     6.07     5.81     6.72     6.82     8.08     6.68     7.01     6.71     7.26     5.16     5.67     7.47     5.63     5.48     6.78     7.21     5.80     5.89     5.47     8.72     7.51     6.47     5.47     4.76     7.05     5.57     5.63     6.38     5.20     6.63     6.47    13.29     7.51 
    7.82     7.01     5.79     5.78     7.02     7.73     6.97     7.22     6.72     6.92     7.90     6.70     5.95     6.52     7.81     4.44     5.71     6.23     8.54     5.83     5.66     5.52     6.85     5.20     5.32     6.08     4.96     5.09     4.64     5.84     7.08     5.81     7.59     6.57    13.11     6.44 
    6.64     6.80     6.36     6.62     7.58     7.71     7.41     7.85     5.39     6.53     5.79     6.72     5.46     7.46     8.43     6.39     5.11     6.32     5.86     6.18     5.56     5.96     7.33     6.29     4.68     7.36     4.84     7.00     4.83     9.71     7.61     7.81     6.57    18.96    39.21    13.48 
    7.32     7.02     6.84     6.96     8.03     7.22     7.06     7.87     6.12     6.51     6.79     5.42     6.61     6.24     7.56     4.35     7.46     5.20     7.86     6.91     5.56     6.15     6.99     6.03     5.35     6.19     5.34     5.49     5.01     5.69     5.73     5.23     6.18    69.34    20.74    56.66 
    7.76     7.67     7.11     6.22     6.93     8.11     7.01     6.92     6.10     7.49     6.71     5.90     5.66     8.83     8.91     5.93     5.67     6.17     8.38     5.59     5.90     5.70     6.74     5.11     6.32     5.59     7.92     5.72     4.98     6.06     5.46     5.30     6.09    19.06    20.80    24.67 
    0.00     0.00     0.00     0.00     0.00     0.00     0.00     0.00     0.00     0.00     0.00     0.00     0.00     0.00     0.00     0.00     0.00     0.00     0.00     0.00     0.00     0.00     0.00     0.00     0.00     0.00     0.00     0.00     0.00     0.00     0.00     0.00     0.00     0.00     0.00     0.00 
    0.00     0.00     0.00     0.00     0.00     0.00     0.00     0.00     0.00     0.00     0.00     0.00     0.00     0.00     0.00     0.00 
    7.33     6.79     8.31     9.85     7.53     9.14     7.23     7.68     8.13     8.81     7.41     7.76     8.18     8.18     7.78     7.13     9.00     8.61     8.31     6.37     6.55     7.88     8.16     7.42     8.56     7.84     7.81     8.99     7.46     7.62     9.44     9.12     9.32    18.23    12.70    19.85 
    0.00     0.00     0.00     0.00     0.00     0.00     0.00     0.00     0.00     0.00     0.00     0.00     0.00     0.00     0.00     0.00 


SNR_RMS Of Each Node:
    0.00    -2.75     0.00     0.00     0.00    -7.85     0.00     0.00     0.00     0.00    -2.54    -8.04     0.00     0.00   -11.06    -5.30     0.03     0.09    -2.01     0.00   -14.81     0.00   -11.75     0.00     0.00     0.00     0.00    -7.37    -8.27    -5.80     0.00     0.00     0.00     0.00     0.00    -9.67 
    0.00    -8.22    -9.89     0.00    -6.66     0.00    -3.31    -5.98    -4.68    -8.37   -19.81     0.00   -10.07     0.00    -9.83     0.78     0.00   -24.48    -5.48    -9.42    -9.40    -8.45    -4.38     0.00     0.00     0.00     0.00     0.00     0.00     0.00     0.00     0.00     0.00     0.00     0.00    -0.61 
    0.00     0.00     0.00     0.00    -9.98   -25.28     0.00    -9.04     0.00    -1.96    -8.18    -8.15   -10.90     0.00     0.00     0.00    -4.12    -7.21     0.00     0.00     0.00     0.00     0.00   -10.37     0.00   -20.44     0.00   -27.28    -4.49     0.00    -9.36    -9.77     0.00    -4.29    -8.14     0.00 
    0.00    -3.54     0.00   -10.53     0.00     0.00    -1.20    -7.22    -1.96    -5.79    -0.80     0.00     0.00     0.00    -3.87     0.00    -7.59     0.00     0.00    -8.66     0.00    -0.02     0.00   -13.04     0.00    -1.95     0.00     0.00     0.00   -29.86     0.00    -7.65     0.00     0.00    -6.29   -17.13 
    0.00     0.00     0.00    -0.36     0.00     0.00   -12.83    -2.04     0.00    -5.82     0.00    -2.43     0.00   -36.21     0.00    -8.09     0.00     0.00     0.00    -8.51     0.00     0.00     0.00   -14.43     0.00   -23.01     0.00     0.00     0.00    -4.18     0.00     0.00   -15.49     0.00   -19.77     0.00 
    0.00     0.00     0.00     0.00   -19.82     0.00    -5.43     0.00     0.00    -7.91     0.40     0.87     0.00     0.08   -12.69     0.00   -26.89     0.00   -11.39     0.00   -38.29    -2.11     0.00     0.00     0.00     0.00    -7.60   -38.37   -11.94     0.00     0.00    -4.82     0.00     0.00   -16.13     0.00 
  -25.84     0.00     0.00    -7.35     0.00    -9.23     0.00    -5.38     0.00     0.00     0.00     0.00   -13.00   -13.24   -14.29     0.00     0.00     0.00   -11.58     0.00     0.00     0.00    -1.46     0.00     0.00     0.00     0.00   -17.92   -15.15    -5.68   -12.59    -6.85     0.00     0.00    -4.44   -20.39 
   -6.39    -4.60     0.00     0.00    -0.27    -4.65   -15.58    -9.70   -10.99    -7.98     0.00     0.00     0.00     0.00     0.00     0.00   -10.99    -6.43     0.00     0.00     0.00    -1.63     0.00   -12.50     0.00     0.00     0.00     0.00     0.00     0.00     0.00   -16.54    -4.33    -5.59   -16.55    -7.82 
   -2.93    -0.78     0.00     0.00     2.79    -2.84     0.00     0.00    -0.11     0.00     0.00     0.00     0.00   -19.75     4.87     0.00     0.00     0.00     0.00    -0.46    -1.77     0.00     0.00    -6.77     0.00     0.00     0.71    -4.15     0.00    -5.78     0.00    -1.27   -14.39    -3.59    -0.51    -8.64 
  -10.43    -7.03    -7.26     0.00     0.00    -8.71    -2.81    -9.30    -0.46     0.00     0.00     0.00     0.00   -18.87    -8.83    -7.04     0.00    -5.38     0.00   -13.35   -16.02     0.00     0.00     0.00     0.00   -10.69     0.00     0.00     0.00     0.00     0.00     0.00     0.00   -11.88     0.00    -1.99 
    0.00    -9.05     1.42    -3.39    -1.26     0.00     0.24    -4.29     0.00     0.00     2.28     0.00    -3.92     0.00     0.00     0.00     0.00   -20.52     0.00     0.00     0.00   -12.03   -10.83     0.00     0.00     0.00     0.00     0.00     0.00     0.00   -15.45   -10.01     0.00   -18.34    -9.35    -3.98 
   -1.20   -22.83   -14.34     0.00   -45.74    -8.91     0.00     0.00    -4.65    -6.83     0.00    -1.70   -16.20   -10.56   -10.23   -55.00     0.00    -2.74     0.00     0.00    -3.02     0.00     2.06     0.00    -1.40   -12.96   -21.09     0.00     0.00     0.00     0.00     0.00     0.00    -4.55   -18.07    -6.37 
   -1.60   -14.11   -19.69     0.00   -12.07    -2.17    -3.47     0.00     0.00    -7.76     0.77   -12.88   -30.88     0.00   -18.68     0.00    -6.01     0.00    -1.42     0.00   -18.27   -17.57     0.00   -20.51   -12.31     0.00    -7.93     0.00     0.00     0.00     0.00     0.00     0.00   -20.93     0.00   -40.62 
   -2.69   -14.44   -18.80     0.00    -8.59     0.00    -5.12   -57.90   -13.80    -5.98   -20.29     0.00     0.00     0.00     0.00     0.00     0.00     0.00   -12.74     0.00   -13.99     0.00    -6.30     0.10     0.00    -3.53   -24.76     0.00   -16.65     0.00     0.00     0.00   -21.23     0.47    17.07     7.80 
    0.00    -4.59    -4.44     0.00    -5.63   -11.82     0.00     0.00     0.00    -6.70     0.00   -23.09     0.00   -19.52   -30.33   -19.90    -3.01     0.00    -6.30     0.00    -4.43    -3.61     0.00     0.00    -3.38     0.00     0.00   -20.98     0.00   -20.78     0.00     0.00     0.00    13.93    34.01    16.28 
    0.00     0.00     0.00     0.00   -11.90   -18.36     0.00     0.00     0.00     0.00     0.00   -10.97     0.00     0.00     0.00     0.00     0.00   -13.01    -2.54     0.00     0.00    -7.96     0.00     0.00     0.00   -24.58     0.00     0.00     0.00     0.00   -29.63     0.00     0.00    10.80    25.21    10.08 
    0.00     0.00     0.00     0.00     0.00     0.00     0.00     0.00     0.00     0.00     0.00     0.00     0.00     0.00     0.00     0.00     0.00     0.00     0.00     0.00     0.00     0.00     0.00     0.00     0.00     0.00     0.00     0.00     0.00     0.00     0.00     0.00     0.00     0.00     0.00     0.00 
    0.00     0.00     0.00     0.00     0.00     0.00     0.00     0.00     0.00     0.00     0.00     0.00     0.00     0.00     0.00     0.00 
    0.00     0.00   -19.80    -2.30    -5.30     0.00     2.88     0.00     0.00     0.00     0.00     0.00     0.00     0.00    -7.77   -18.18   -10.11   -10.57     0.39    -9.16    -0.63    -5.24    -7.81     0.00    -0.71     0.06    -3.40     0.10   -12.15    -4.10     5.17    -7.86     1.84    13.94    27.97    12.76 
    0.00     0.00     0.00     0.00     0.00     0.00     0.00     0.00     0.00     0.00     0.00     0.00     0.00     0.00     0.00     0.00 


